0.99772
1.01935
1.00712
1.01935
1.0076
1.00365
1.04638
1.00047
0.915635
1.00117
1.00827
0.904335
0.991274
0.947967
1.08658
1.02014
1.07641
1.00841
1.02783
1.00668
1.06007
1.05457
1.00187
1.03219
1.05245
0.928668
0.846232
0.972808
0.924827
1.05704
0.936934
1.05588
1.05318
0.948567
1.01896
1.01212
1.04188
0.998436
0.976901
0.812314
1.0618
1.0793
1.05473
0.910986
1.09844
1.04
1.0414
1.04364
1.02012
0.959359
0.997438
1.03279
0.970142
1.0108
1.03809
0.755421
1.03527
1.04282
0.953185
1.02818
1.03
1.05406
1.07211
1.07607
0.930418
0.964326
1.01729
1.03995
0.96773
1.03706
1.04723
1.0565
0.945684
1.04922
1.01315
1.04321
1.01003
1.05907
1.00835
1.03489
1.03547
0.855934
0.894365
0.908949
0.939006
0.946913
0.933599
1.02491
0.788352
0.784039
0.845352
0.880793
0.931722
1.01136
1.07001
1.01281
0.901097
1.01107
1.07903
1.00331
1.05447
1.07559
0.996896
1.13818
1.02604
1.0576
1.01887
1.05919
1.02338
1.06356
1.0848
1.02592
0.838876
1.07912
0.993646
1.04445
1.06807
1.02849
0.99943
1.03846
1.09043
0.858511
1.00361
1.01098
0.952094
1.02815
1.05107
1.11219
0.976316
0.62574
0.730989
0.821603
0.81005
0.799813
0.840113
0.81951
0.831278
0.797137
0.794158
0.824326
0.821347
0.786799
0.828252
0.864202
0.845471
0.840909
0.820498
0.849027
0.832126
0.800119
0.840943
0.84705
0.843229
0.810749
0.840421
0.844216
0.818297
0.813863
0.857124
0.855541
0.82751
0.808414
0.84275
0.859603
0.857079
0.841121
0.836811
0.842204
0.887827
0.909619
0.884432
0.855211
0.866524
0.829576
0.840359
0.840856
0.927214
0.960422
0.907628
0.863747
0.894237
0.954773
0.926596
0.858422
0.978999
0.986632
0.85813
0.982599
0.860689
0.940621
0.950925
0.947786
0.918289
0.865868
0.968574
0.936422
0.987408
0.908974
0.949891
0.984088
0.900347
0.892995
0.934227
0.9392
0.873611
0.977385
0.873017
0.98784
0.931603
0.996844
0.956253
0.8695
0.978169
0.97544
1.00236
0.98282
0.944939
0.927476
0.877853
1.00814
0.989035
1.0017
0.997293
0.941753
1.01078
0.9991
1.01456
0.858637
0.966452
0.941503
0.992892
0.956048
1.00264
1.04212
0.99787
1.00273
1.06245
1.0488
0.934035
0.919399
1.00777
0.954322
0.960192
1.06912
1.0005
0.936892
1.01564
1.01795
1.0378
0.947061
0.927005
1.00351
1.00487
1.01725
1.01479
0.995287
0.992195
0.976404
1.07746
0.948369
1.04998
0.969035
1.05321
0.94373
1.01237
1.04301
1.00232
0.94404
0.970119
1.00867
1.00151
0.996585
1.07592
1.012
1.02967
1.06712
1.06223
1.11086
1.03405
0.981842
1.04631
1.07617
0.964609
1.04712
1.04184
1.02353
1.09892
1.12656
0.964639
1.07141
1.00431
1.04205
0.987602
1.02118
1.04749
1.09478
1.06388
1.07992
1.00702
1.072
1.02378
0.938885
1.04552
1.04827
1.00809
1.03183
1.05203
1.01381
1.05323
1.04593
1.02543
1.01003
1.02908
1.04218
1.05705
1.03553
1.04703
1.05835
1.04029
0.996409
1.05312
1.03304
1.08632
1.02826
1.03417
1.06474
1.03782
1.07393
0.999496
1.00065
1.08749
1.03651
1.04876
1.0614
1.00531
1.07335
1.04701
1.04312
1.06237
1.07785
1.047
1.10598
1.03758
1.07007
0.969927
1.04544
1.04129
1.05277
0.98595
1.06256
1.03215
1.01147
1.09011
1.01311
0.993818
1.09464
1.06662
1.02289
1.0582
1.10887
1.02433
1.03183
1.0583
0.985597
1.07873
1.0652
1.0051
1.09877
1.07878
1.05286
1.05757
1.06108
1.04319
1.07248
1.07618
1.02245
1.06264
1.07942
1.03186
1.07568
1.09351
1.0277
1.07864
1.08897
1.05141
1.09132
1.01542
0.993796
0.987229
1.04928
1.0673
1.03512
1.09462
1.09201
1.00167
1.00389
1.03699
1.0477
1.0436
1.07142
1.03533
1.08661
1.01701
1.06317
1.05938
0.980427
1.01072
1.06166
1.0578
1.037
1.09134
1.09811
0.992568
1.06997
1.05908
1.03936
1.03487
1.08161
1.04126
1.08827
1.0557
1.04411
1.04995
1.02378
1.07277
1.06321
1.04054
1.14197
1.08879
1.06911
1.08744
1.06674
1.02378
1.03639
1.05095
1.02943
1.11953
1.03316
1.03786
1.03272
1.06247
1.04994
1.04763
1.03664
1.06341
1.0961
1.04625
1.07501
1.02617
1.08331
1.10316
1.0742
1.09265
0.968611
1.06245
1.03141
1.10313
1.11615
1.04226
1.00661
1.08079
1.07727
1.10825
1.02347
1.0391
1.05162
1.0009
1.07487
1.09642
1.00826
1.06849
1.07983
1.03786
1.04863
1.07389
1.09508
1.05796
1.03835
1.08506
1.03447
1.02308
1.05478
1.08229
1.09122
1.10355
1.06984
1.04461
1.05056
1.03221
1.046
1.10551
1.09673
1.07862
1.10432
1.0731
1.01143
1.03026
1.09472
1.0417
0.990417
1.07841
1.08398
1.04359
1.03102
1.04504
1.07088
1.06055
1.06764
1.06407
1.088
1.05085
1.13068
1.08745
1.06242
1.13359
1.10134
1.09575
1.09843
1.08776
1.07622
1.09117
1.02384
1.07639
1.04814
1.07052
1.06133
1.16452
1.1132
1.15497
1.11108
1.17163
1.03377
1.06557
1.02205
1.04759
1.08269
1.02724
1.17917
1.10375
1.07149
1.03396
1.04269
1.01034
1.0736
1.07772
1.06506
1.08883
1.13297
1.04946
1.05259
1.08974
1.10218
1.09044
1.09705
1.06508
1.09057
1.01785
1.05013
1.06095
1.07439
1.07141
1.08342
1.08889
1.08248
1.0619
1.05518
1.05306
1.06076
1.0812
1.02443
1.07369
1.04603
1.11343
1.06248
1.07393
1.03167
1.07592
1.07292
1.07823
1.07355
1.06209
1.02015
1.04936
1.0359
1.0535
1.06029
1.03622
1.04862
1.06353
1.05379
1.07646
1.0662
1.1189
1.11671
1.10143
1.06301
1.11194
1.03467
1.0913
1.07596
1.04101
1.05967
1.08591
1.06302
1.08975
1.09387
1.09983
1.03381
1.0985
1.03314
1.0454
1.09232
1.05158
1.03903
1.05069
1.1103
1.03281
1.12139
1.0251
1.11651
1.03971
1.10358
1.07456
1.03738
1.09865
1.11127
1.0546
1.09759
1.08396
1.0781
1.1109
1.05424
1.06304
1.09388
1.09035
1.02131
1.07904
1.08315
1.07521
1.04436
1.08417
1.09511
1.05896
1.07863
1.11373
1.12902
1.10987
1.11459
1.07935
1.0542
1.08428
1.11248
1.09819
1.08724
1.10537
1.1286
1.0883
1.12031
1.0693
