0.928757
0.974086
0.977359
0.982341
0.99041
0.999824
1.01213
1.01706
0.944437
0.961207
0.987689
0.992165
1.003
1.00528
1.01176
1.01838
0.91618
0.949074
0.952473
0.955046
0.977367
0.982667
0.989638
0.995629
0.924063
0.931675
0.933423
0.939864
0.941827
0.950103
0.977223
0.9777
0.928664
0.944957
0.964369
0.972889
0.982014
0.986393
0.986597
0.994311
0.878022
0.90701
0.934671
0.951877
0.96636
0.991616
1.00269
1.01696
0.935333
0.949683
0.949995
0.950663
0.961378
0.971615
0.977845
0.981721
0.889043
0.944712
0.973958
0.989656
1.00547
1.0064
1.01691
1.01832
0.962077
0.995253
0.998858
1.00509
1.01103
1.01167
1.03036
1.04592
0.972273
0.974805
0.992877
0.994424
1.0104
1.01288
1.01759
1.02446
0.968161
0.982886
1.0017
1.01473
1.01557
1.01799
1.02245
1.04255
0.999112
1.02173
1.0255
1.02554
1.0384
1.03897
1.05596
1.07042
0.98683
1.03028
1.03586
1.04093
1.04759
1.04942
1.05857
1.06839
0.991442
1.00107
1.01
1.01374
1.01998
1.03335
1.03392
1.03736
0.963492
0.977341
1.00581
1.0156
1.01565
1.03062
1.04013
1.04699
0.850846
0.969934
0.981732
0.984335
0.988683
1.01215
1.01386
1.02257
0.938636
0.959387
0.962712
0.964777
0.96953
0.977204
0.981794
0.999378
0.963752
0.96838
0.973563
0.974903
0.981244
0.988047
0.991246
1.00487
0.94672
0.949366
0.949798
0.952555
0.971515
0.987317
0.99823
0.998553
0.881195
0.933192
0.954525
0.974083
0.98447
0.98561
0.994662
1.00941
0.94794
0.963189
0.987683
1.00284
1.00319
1.00505
1.01226
1.0351
0.93815
0.949157
0.962843
0.970182
0.983306
0.986052
0.995923
1.01363
0.957881
0.958167
0.958779
0.966235
0.990623
1.01965
1.03945
1.04143
0.915651
0.970454
0.984995
1.00541
1.00965
1.00973
1.01483
1.01502
0.951357
0.955428
0.960798
0.966624
0.98828
0.988535
1.02521
1.04872
0.951448
0.993222
0.999232
1.00449
1.00573
1.00619
1.0494
1.06233
0.961932
0.967257
0.974064
0.996893
1.00725
1.01095
1.03881
1.05441
0.938384
0.968977
0.979714
0.983656
0.987624
1.01477
1.01594
1.04548
0.869701
0.935117
0.853248
0.862909
0.966204
0.98496
0.999825
1.00847
1.02468
1.04593
1.04889
1.06889
0.913648
1.01344
1.0177
1.02622
1.06176
1.07746
1.08162
1.10072
0.978939
1.02124
1.0213
1.0248
1.03502
1.04831
1.07303
1.07831
0.876009
0.960715
0.966475
0.990398
1.01034
1.04346
1.06672
1.07256
0.859325
0.918239
0.940543
0.94375
0.953829
0.956019
0.993687
1.00031
0.847589
0.903053
0.929062
0.931526
0.964156
1.00695
1.01204
1.07231
0.898558
0.939411
0.941334
0.984083
0.996246
0.996938
1.03971
1.07451
0.836135
0.925678
0.935328
0.989889
0.996887
1.00704
1.04622
1.05526
0.85888
0.860572
0.887537
0.90636
0.909818
0.919726
0.95672
1.00506
0.976716
0.989199
0.992263
1.01937
1.02049
1.02484
1.04696
1.09668
0.939267
0.957706
0.972452
0.985399
0.989173
0.999264
1.00986
1.08107
0.989379
0.99847
1.01251
1.01667
1.01827
1.04352
1.04453
1.06152
0.905711
0.913743
0.944428
1.03455
1.03819
1.04339
1.05808
1.08457
0.908523
0.925517
0.937365
0.941375
0.948135
0.950992
1.0308
1.0337
0.953245
0.99545
1.00174
1.00938
1.02129
1.03494
1.03721
1.05957
0.957902
0.963413
0.977704
0.987757
1.00909
1.03638
1.03728
1.04373
0.8425
0.884103
0.896602
0.905498
0.927502
0.963871
0.973789
0.977832
0.971056
0.982279
0.992444
0.998423
1.00112
1.05172
1.05596
1.07273
0.853263
0.863938
0.908847
0.921759
0.941544
0.962839
0.965079
0.99498
0.881083
0.8883
0.899361
0.901509
0.93041
0.955179
0.986449
1.00636
0.935057
0.985023
1.01972
1.06017
1.08224
1.08358
1.10249
1.10317
0.892971
1.00227
1.02644
1.03045
1.04891
1.06337
1.10129
1.16824
0.980697
0.981389
1.00435
1.01536
1.03052
1.03324
1.03654
1.13593
0.886318
0.933132
0.967729
1.02832
1.02935
1.08088
1.08088
1.14487
1.00247
1.00487
1.00916
1.03727
1.07757
1.07962
1.08406
1.12507
0.964402
0.97882
1.01255
1.02821
1.03452
1.04139
1.04992
1.07276
1.01816
1.01859
1.05463
1.05567
1.08667
1.08716
1.09842
1.12769
0.895429
0.969453
1.03097
1.04667
1.05181
1.05469
1.07803
1.0971
0.958749
0.998736
1.01941
1.04737
0.970776
1.02036
1.02961
1.03757
1.04255
1.05597
0.980757
1.003
1.01235
1.03672
1.04694
1.048
1.05967
0.975818
0.990105
1.00565
1.01881
1.02694
1.03166
1.0615
0.860539
0.929707
0.93788
0.940755
0.944723
0.952232
1.02057
1.04207
0.844046
0.916791
0.953218
0.954144
0.854814
0.924419
0.951303
0.96375
0.965616
1.01093
1.01585
1.05992
0.990836
0.974504
0.856565
0.934302
0.976045
0.997104
0.94245
0.959085
0.950755
0.933778
0.977011
0.971976
0.935585
0.942568
0.925812
0.939941
0.973926
0.955534
0.955146
1.01115
0.994515
1.01653
0.926162
0.994124
0.891731
0.986701
0.89619
0.906995
0.935759
0.979248
0.995621
1.00766
