0.794594
0.815
0.819707
0.827139
0.845042
0.845245
0.8471
0.847427
0.849166
0.854184
0.856415
0.862793
0.863159
0.87183
0.873568
0.873932
0.873937
0.875337
0.878706
0.882782
0.883328
0.884164
0.885882
0.889238
0.889569
0.889578
0.891529
0.892282
0.892444
0.892803
0.893843
0.895684
0.895897
0.896088
0.896951
0.897611
0.899715
0.89979
0.900532
0.90101
0.901886
0.904142
0.90494
0.905363
0.906158
0.906392
0.906634
0.909171
0.909683
0.909716
0.911016
0.911203
0.911809
0.913448
0.913763
0.913812
0.914735
0.914832
0.915867
0.91724
0.917444
0.917508
0.917525
0.917607
0.917728
0.918201
0.919617
0.919751
0.919805
0.919877
0.920133
0.920484
0.921083
0.921131
0.921466
0.921882
0.922059
0.922059
0.922731
0.923059
0.923617
0.924197
0.924699
0.92481
0.925703
0.926902
0.927861
0.92821
0.928669
0.928786
0.929028
0.929564
0.929886
0.929989
0.930184
0.930184
0.930348
0.93083
0.93112
0.931672
0.931756
0.931886
0.932662
0.932681
0.932768
0.932804
0.933245
0.9333
0.933361
0.933739
0.933794
0.933832
0.933965
0.934621
0.935375
0.935629
0.937006
0.938025
0.938675
0.938701
0.939036
0.940155
0.940984
0.940997
0.941005
0.941769
0.94219
0.942456
0.942558
0.942587
0.942826
0.943179
0.9433
0.943412
0.943425
0.943444
0.943935
0.944009
0.944109
0.944129
0.944212
0.944403
0.944516
0.944634
0.945003
0.94502
0.945115
0.945181
0.945496
0.945571
0.945749
0.945783
0.946342
0.946479
0.946687
0.94703
0.947153
0.947223
0.947323
0.947335
0.947489
0.947622
0.948243
0.948429
0.949091
0.949112
0.949597
0.950033
0.950361
0.950704
0.950771
0.951235
0.951589
0.951754
0.952076
0.952418
0.952595
0.95283
0.952928
0.953097
0.953234
0.953353
0.95361
0.954104
0.954389
0.954436
0.95461
0.954762
0.95515
0.955283
0.955487
0.955711
0.955888
0.956117
0.956851
0.956919
0.957243
0.957343
0.957494
0.957634
0.957799
0.957887
0.957887
0.957975
0.95819
0.958818
0.958988
0.959188
0.959788
0.959962
0.960074
0.960281
0.960396
0.960674
0.960714
0.961452
0.961507
0.961815
0.962335
0.962448
0.962467
0.962566
0.963132
0.964177
0.964342
0.965086
0.965166
0.965989
0.966465
0.966508
0.966804
0.966841
0.967522
0.96758
0.967611
0.967677
0.967701
0.967846
0.968173
0.968299
0.968627
0.96865
0.96885
0.969317
0.969511
0.969744
0.970437
0.970877
0.971399
0.97252
0.97283
0.972834
0.973426
0.973598
0.97364
0.973727
0.973742
0.974166
0.974239
0.974745
0.975032
0.975374
0.975412
0.975517
0.975683
0.976191
0.976384
0.976387
0.97648
0.977013
0.977029
0.977169
0.977999
0.978039
0.978464
0.978541
0.978589
0.978708
0.979001
0.979137
0.979137
0.979516
0.98043
0.980505
0.980783
0.980789
0.981034
0.981139
0.981197
0.98128
0.981481
0.981622
0.981687
0.981727
0.982215
0.982574
0.982604
0.982619
0.982927
0.982999
0.983064
0.983075
0.983422
0.983823
0.984271
0.984276
0.984291
0.984448
0.984898
0.985135
0.985259
0.985653
0.986
0.98617
0.986218
0.986226
0.986264
0.986298
0.98645
0.987133
0.98722
0.98741
0.987999
0.98812
0.988421
0.988494
0.988515
0.988913
0.989088
0.989509
0.989919
0.989945
0.989947
0.990419
0.990738
0.991523
0.991574
0.991957
0.992135
0.992169
0.992561
0.993368
0.993792
0.994006
0.994064
0.994125
0.994286
0.994286
0.994667
0.994755
0.994825
0.994927
0.994927
0.994929
0.995213
0.995445
0.995458
0.995619
0.995645
0.996606
0.996668
0.996793
0.996886
0.997184
0.997747
0.997849
0.9982
0.998222
0.998262
0.998352
0.998455
0.998513
0.99869
0.99886
0.999808
0.999938
1.00018
1.00034
1.00035
1.00096
1.00102
1.00177
1.00196
1.00205
1.00206
1.00207
1.00254
1.00295
1.00351
1.00372
1.00388
1.00422
1.00425
1.00433
1.00463
1.0055
1.00603
1.00625
1.00666
1.00727
1.00763
1.00787
1.00851
1.00895
1.00953
1.00978
1.01022
1.01025
1.01041
1.01091
1.01146
1.01173
1.01195
1.01261
1.01274
1.01293
1.01332
1.014
1.01421
1.01435
1.01462
1.01482
1.01482
1.01503
1.01506
1.01507
1.01557
1.01562
1.01584
1.01642
1.01669
1.01686
1.01718
1.01744
1.01747
1.01747
1.01765
1.0178
1.01836
1.01842
1.0185
1.01882
1.01987
1.0199
1.02074
1.02085
1.02116
1.02122
1.02146
1.02175
1.02189
1.02198
1.02212
1.02242
1.02251
1.02288
1.02339
1.02438
1.02458
1.02458
1.0246
1.02525
1.02556
1.02556
1.02559
1.02638
1.02642
1.02669
1.02669
1.0267
1.02683
1.02693
1.02707
1.02761
1.02774
1.02809
1.02911
1.02923
1.02948
1.02978
1.03036
1.03038
1.03145
1.03213
1.03232
1.03232
1.03315
1.03321
1.03426
1.0344
1.03442
1.03492
1.03662
1.03673
1.03814
1.03828
1.03835
1.03946
1.04155
1.04284
1.04288
1.04307
1.04431
1.04438
1.04469
1.04646
1.04799
1.04817
1.04883
1.04894
1.04967
1.05169
1.05194
1.05234
1.05294
1.05606
1.05849
1.06018
1.06187
1.06341
1.06491
1.06782
1.06831
1.07601
1.07819
1.08294
1.08384
1.10937
