0.802907
0.823168
0.839863
0.840932
0.840984
0.841572
0.844308
0.847151
0.849597
0.849716
0.850549
0.850758
0.851693
0.852401
0.855714
0.856859
0.857905
0.859151
0.862512
0.869793
0.869867
0.869883
0.869908
0.870577
0.871776
0.872093
0.872271
0.872467
0.873398
0.875309
0.875814
0.875854
0.875856
0.876191
0.876235
0.876568
0.878198
0.878517
0.878953
0.879218
0.879738
0.879798
0.880276
0.880395
0.881059
0.882015
0.8826
0.882605
0.883115
0.883443
0.88373
0.883929
0.885473
0.885484
0.886038
0.886306
0.886512
0.886571
0.886601
0.887544
0.888441
0.888871
0.888911
0.889322
0.89027
0.890486
0.89075
0.891544
0.892107
0.892307
0.892329
0.892579
0.892703
0.893591
0.893666
0.894087
0.894121
0.894861
0.895024
0.89505
0.895094
0.895837
0.895847
0.896477
0.896666
0.896801
0.89707
0.897133
0.897186
0.897751
0.898222
0.898326
0.898598
0.899275
0.900038
0.900458
0.900797
0.901225
0.90199
0.902291
0.902569
0.902831
0.903149
0.904552
0.905426
0.905664
0.90569
0.905773
0.905889
0.905901
0.906241
0.907441
0.908379
0.908382
0.908966
0.909158
0.909827
0.90986
0.909928
0.909934
0.909974
0.91027
0.910293
0.910416
0.910582
0.910599
0.911603
0.912347
0.912485
0.912724
0.912933
0.913128
0.913162
0.913507
0.91379
0.91392
0.914049
0.914297
0.9144
0.914449
0.914635
0.914677
0.914833
0.914919
0.915032
0.915232
0.915363
0.915389
0.915727
0.916371
0.916583
0.917258
0.917895
0.917921
0.918311
0.918824
0.918998
0.91904
0.919198
0.920164
0.920391
0.920453
0.920472
0.920538
0.920667
0.922326
0.922509
0.922654
0.922815
0.922845
0.922925
0.922926
0.922956
0.923221
0.923272
0.923366
0.923623
0.92373
0.923776
0.923809
0.923819
0.923829
0.92436
0.924726
0.925398
0.925511
0.925683
0.925744
0.925958
0.926004
0.926178
0.926667
0.927574
0.927883
0.927914
0.928082
0.928262
0.928421
0.928456
0.928588
0.9289
0.929257
0.929374
0.92943
0.92974
0.929801
0.929839
0.930222
0.930268
0.930476
0.930693
0.930769
0.931242
0.931318
0.932259
0.932931
0.932998
0.933162
0.933242
0.933604
0.93388
0.934427
0.934626
0.934652
0.934677
0.934824
0.935006
0.935057
0.93511
0.935317
0.935409
0.935544
0.935607
0.935754
0.93581
0.93585
0.935988
0.936151
0.936486
0.936728
0.936829
0.936919
0.937284
0.937406
0.937707
0.937763
0.937805
0.937807
0.93918
0.939432
0.939703
0.939824
0.939854
0.939987
0.94
0.940304
0.940529
0.94066
0.940754
0.941014
0.941545
0.941988
0.942166
0.942485
0.942742
0.942825
0.942946
0.943925
0.94393
0.944254
0.944334
0.944378
0.944734
0.945043
0.945509
0.945799
0.946923
0.946952
0.946957
0.947009
0.947091
0.947406
0.948016
0.948204
0.948394
0.948418
0.948457
0.948734
0.948766
0.948808
0.948979
0.949067
0.949148
0.949171
0.949273
0.949462
0.949466
0.949786
0.949908
0.949955
0.950422
0.951085
0.951117
0.951321
0.951379
0.951644
0.952349
0.952672
0.952958
0.953059
0.953205
0.953303
0.953355
0.953637
0.953755
0.954437
0.954624
0.954723
0.954896
0.954927
0.955156
0.955234
0.955402
0.955469
0.955486
0.955532
0.955619
0.955674
0.955829
0.956194
0.956225
0.956759
0.957299
0.957593
0.957835
0.957952
0.958012
0.9581
0.958807
0.958852
0.958928
0.959614
0.959867
0.960139
0.960829
0.961208
0.961297
0.96151
0.961795
0.961849
0.961909
0.962442
0.962861
0.963068
0.96338
0.963395
0.963507
0.964391
0.964405
0.964499
0.964572
0.96476
0.964769
0.96481
0.964858
0.96513
0.965528
0.965888
0.966392
0.966555
0.9672
0.967584
0.967587
0.967636
0.967727
0.96797
0.968043
0.968093
0.968388
0.969205
0.96952
0.969812
0.969913
0.970694
0.970702
0.970778
0.970882
0.970946
0.971003
0.971022
0.97149
0.971564
0.972029
0.972347
0.972427
0.972486
0.972696
0.972873
0.973037
0.973137
0.973596
0.973762
0.974006
0.974237
0.974356
0.974858
0.975231
0.975298
0.975399
0.975702
0.975832
0.976711
0.97706
0.977155
0.97774
0.977915
0.978009
0.978358
0.97854
0.978611
0.978807
0.979231
0.979338
0.979567
0.979694
0.979734
0.980502
0.980572
0.981401
0.981445
0.981744
0.981825
0.981901
0.982136
0.98226
0.982366
0.982549
0.982797
0.982919
0.983363
0.983685
0.984063
0.984625
0.985106
0.985155
0.985623
0.985664
0.985764
0.986047
0.98624
0.986872
0.986961
0.987785
0.987924
0.988209
0.988477
0.988731
0.988824
0.989014
0.989394
0.990509
0.990815
0.991193
0.991766
0.992648
0.993185
0.993437
0.993949
0.993954
0.99432
0.99434
0.994556
0.994801
0.99538
0.996743
0.996935
0.996955
0.997347
0.99846
0.998679
0.999067
0.999852
1.00059
1.00072
1.00081
1.00116
1.00186
1.00307
1.00329
1.00515
1.00534
1.00738
1.00753
1.00755
1.00765
1.00782
1.00919
1.00929
1.00951
1.01016
1.01063
1.01228
1.01278
1.01374
1.01535
1.01593
1.01834
1.01915
1.02044
1.02045
1.02072
1.02206
1.02213
1.02236
1.02353
1.02388
1.02438
1.02441
1.02517
1.02548
1.02648
1.02672
1.02712
1.03051
1.03522
1.04205
1.04819
1.05564
