0.661182
0.83436
0.873378
0.883507
0.88373
0.896686
0.90728
0.908057
0.914332
0.916402
0.919003
0.920471
0.921121
0.923175
0.924319
0.924396
0.924434
0.924691
0.925618
0.926971
0.927818
0.928917
0.929928
0.930904
0.931585
0.934086
0.934604
0.93466
0.937188
0.940128
0.941317
0.944318
0.944984
0.945927
0.947826
0.948127
0.948489
0.949037
0.95014
0.951386
0.954291
0.95579
0.956104
0.959288
0.961458
0.962136
0.962969
0.964066
0.965494
0.966683
0.967593
0.968104
0.96811
0.968174
0.969272
0.970458
0.971426
0.971707
0.973005
0.976698
0.979207
0.979349
0.979459
0.985621
0.989045
0.990603
1.00549
1.07082
0.859721
0.859747
0.861382
0.866546
0.868063
0.869604
0.874245
0.874575
0.874675
0.876427
0.877001
0.877839
0.877949
0.880957
0.881611
0.882387
0.882937
0.8834
0.884696
0.885203
0.885592
0.886833
0.887403
0.887521
0.888074
0.888481
0.888483
0.892793
0.893791
0.894825
0.896158
0.896288
0.89759
0.897609
0.898629
0.899159
0.899985
0.901405
0.902084
0.903631
0.905905
0.90706
0.907129
0.907244
0.907949
0.908884
0.909246
0.909637
0.909817
0.909948
0.91
0.910054
0.910916
0.911167
0.911486
0.912646
0.914172
0.914364
0.914915
0.915607
0.915868
0.916676
0.916722
0.916775
0.91702
0.917139
0.917251
0.9177
0.918472
0.918708
0.919203
0.919295
0.919476
0.919911
0.919939
0.920093
0.920923
0.921007
0.921179
0.921949
0.922181
0.922194
0.922251
0.922351
0.922422
0.92257
0.92324
0.923253
0.923294
0.923542
0.923701
0.923885
0.9243
0.924318
0.924328
0.925095
0.925372
0.925519
0.925618
0.925694
0.925739
0.925767
0.926229
0.926283
0.926297
0.926592
0.927003
0.927005
0.927421
0.92756
0.92763
0.927788
0.927874
0.928496
0.928697
0.929076
0.929203
0.929491
0.929498
0.929764
0.929939
0.929987
0.930204
0.930435
0.930604
0.931261
0.931264
0.931264
0.93129
0.93165
0.93249
0.932676
0.932855
0.933213
0.933543
0.933548
0.933699
0.933724
0.934658
0.934739
0.934919
0.935832
0.936163
0.936433
0.936533
0.936632
0.936642
0.93695
0.936986
0.937816
0.938115
0.938154
0.938318
0.938433
0.938569
0.938944
0.93904
0.939119
0.939627
0.939885
0.940113
0.940236
0.940472
0.940941
0.940974
0.941038
0.941206
0.941495
0.941925
0.941936
0.942052
0.94225
0.942404
0.942659
0.942848
0.943092
0.943157
0.943268
0.943305
0.943624
0.943968
0.944055
0.944141
0.944225
0.944517
0.944634
0.944634
0.944783
0.945358
0.945828
0.945969
0.946091
0.946279
0.946411
0.946665
0.946958
0.947334
0.94757
0.947633
0.947683
0.947994
0.948084
0.94819
0.948226
0.948525
0.948608
0.948925
0.948978
0.949102
0.949299
0.949325
0.949451
0.949522
0.949586
0.949703
0.950083
0.950221
0.950287
0.950833
0.951144
0.951436
0.951517
0.951541
0.951568
0.951791
0.952599
0.952615
0.952661
0.953647
0.954034
0.954794
0.954839
0.955166
0.95528
0.955471
0.955534
0.955705
0.956056
0.956328
0.956458
0.95696
0.956997
0.957045
0.957125
0.957293
0.957333
0.957352
0.957409
0.957514
0.95759
0.957823
0.957941
0.957952
0.958398
0.958413
0.958524
0.958651
0.958673
0.958906
0.959217
0.959744
0.959834
0.959939
0.960195
0.960398
0.960444
0.960494
0.960537
0.960543
0.960731
0.960819
0.960826
0.961027
0.961417
0.961833
0.961966
0.962474
0.962534
0.962799
0.962849
0.963043
0.963284
0.963777
0.96394
0.964306
0.964369
0.964654
0.964701
0.964754
0.964835
0.965062
0.965896
0.966032
0.966082
0.966471
0.966624
0.966699
0.966724
0.966728
0.967259
0.967328
0.96747
0.967701
0.967703
0.967936
0.967972
0.96919
0.969558
0.970018
0.97007
0.971304
0.971333
0.971402
0.9716
0.971971
0.972406
0.972438
0.97257
0.972617
0.97357
0.973678
0.973812
0.973877
0.974429
0.974672
0.975129
0.975219
0.975383
0.975564
0.975565
0.975672
0.975809
0.97623
0.97688
0.977024
0.977468
0.977817
0.977878
0.97829
0.978499
0.978522
0.979382
0.980615
0.980627
0.981082
0.981614
0.984519
0.985084
0.985283
0.985952
0.986234
0.988682
0.989065
0.989451
0.990233
0.990418
0.990493
0.990669
0.991795
0.992457
0.9934
0.99476
0.994908
0.995372
0.997875
0.998139
0.999675
1.0001
1.00028
1.00115
1.00355
1.00401
1.00413
1.0062
1.00989
1.01128
1.01344
1.0193
1.02527
1.02734
1.04227
1.04621
1.07424
1.09053
0.90919
0.949278
0.956194
0.988512
0.988565
0.988801
1.0017
1.01
1.01196
1.01382
1.01797
1.0253
1.02723
1.02739
1.03054
1.03268
1.03612
1.04186
1.04262
1.04478
1.04608
1.05032
1.05369
1.06049
1.06076
1.07335
1.07475
1.07765
0.947167
0.957817
0.952016
0.926449
0.860137
0.943883
1.00112
0.98607
0.881452
0.937346
0.957614
0.947244
0.922048
0.927559
1.02627
0.966224
0.976662
1.0027
1.00192
0.908896
0.952131
0.940238
0.898058
0.897165
0.917648
0.919181
0.938769
0.898874
0.907416
0.891274
0.890479
0.949673
0.918012
0.950712
0.933405
0.957461
0.969786
0.94016
0.963542
0.962795
0.960113
0.940286
0.966989
0.950852
0.901723
0.870261
0.91311
0.890264
