0.822115
0.827191
0.828526
0.831969
0.832774
0.842437
0.846064
0.846768
0.849386
0.854639
0.857767
0.861067
0.861792
0.874342
0.878514
0.879338
0.881256
0.881799
0.886234
0.890354
0.895109
0.895327
0.8966
0.900476
0.904324
0.906145
0.908328
0.909324
0.912648
0.913123
0.91445
0.916597
0.917302
0.918449
0.919199
0.921967
0.92201
0.922051
0.923139
0.924302
0.924422
0.924852
0.926723
0.929193
0.931611
0.931636
0.932052
0.93238
0.933325
0.934126
0.934274
0.93433
0.934535
0.935378
0.93542
0.937126
0.937429
0.938112
0.938274
0.939353
0.941113
0.941228
0.941307
0.941947
0.942217
0.943216
0.943835
0.944562
0.944717
0.944904
0.945365
0.945626
0.945896
0.945938
0.946172
0.946458
0.946733
0.947209
0.947422
0.94747
0.948025
0.948328
0.948614
0.950151
0.95117
0.951538
0.952021
0.952077
0.952792
0.953973
0.95401
0.954252
0.954287
0.954424
0.955019
0.955733
0.957465
0.957714
0.958221
0.958512
0.958641
0.958651
0.959578
0.959725
0.959911
0.960583
0.960635
0.96073
0.961632
0.963062
0.963459
0.963815
0.965284
0.966315
0.966613
0.967207
0.967681
0.967897
0.968525
0.968555
0.968648
0.969053
0.96972
0.97018
0.97085
0.970914
0.971308
0.971351
0.971357
0.972288
0.972844
0.972889
0.973397
0.973425
0.973633
0.974174
0.974569
0.974995
0.975035
0.975309
0.976426
0.978844
0.979464
0.979495
0.979579
0.979731
0.979998
0.980085
0.980568
0.982629
0.982679
0.982777
0.982872
0.982916
0.983045
0.983838
0.984298
0.9845
0.985384
0.986044
0.986719
0.986852
0.987178
0.987232
0.987394
0.987705
0.98773
0.987759
0.987787
0.987845
0.988275
0.988932
0.98896
0.989556
0.98987
0.990101
0.990579
0.990631
0.990821
0.991014
0.991207
0.991399
0.991697
0.991938
0.992069
0.992641
0.993233
0.993249
0.993799
0.993942
0.994068
0.994369
0.994855
0.995252
0.995269
0.995525
0.996386
0.996488
0.996612
0.996804
0.996855
0.997029
0.997237
0.99751
0.997521
0.997559
0.997589
0.997772
0.999082
0.999294
0.999295
0.99943
1.00058
1.00098
1.00099
1.00146
1.00148
1.00158
1.00193
1.00215
1.00215
1.00239
1.00246
1.00273
1.00286
1.00297
1.00306
1.00325
1.00342
1.00353
1.00359
1.00392
1.00415
1.00434
1.00455
1.00467
1.00483
1.00484
1.00487
1.00498
1.00535
1.00544
1.00548
1.00595
1.00608
1.00613
1.00631
1.00637
1.00654
1.00664
1.0067
1.00734
1.00744
1.00763
1.00778
1.0079
1.00795
1.00806
1.00812
1.00822
1.00829
1.00891
1.00915
1.00981
1.00984
1.00987
1.0099
1.00998
1.01002
1.01004
1.01005
1.01014
1.01016
1.0103
1.01075
1.01108
1.01115
1.01135
1.01144
1.01146
1.01153
1.01155
1.01161
1.01189
1.01191
1.01209
1.01216
1.01225
1.0123
1.01285
1.01296
1.013
1.01363
1.01374
1.01377
1.01377
1.01401
1.01402
1.01415
1.0142
1.01425
1.01451
1.01463
1.01471
1.01478
1.01487
1.01491
1.01497
1.01506
1.01518
1.01638
1.01661
1.01669
1.01673
1.01673
1.01733
1.01737
1.0176
1.01783
1.01797
1.01832
1.0185
1.01866
1.01968
1.0202
1.02022
1.02044
1.02067
1.021
1.02102
1.02106
1.02134
1.02142
1.02171
1.02212
1.02225
1.02266
1.02267
1.02279
1.02289
1.02291
1.02307
1.02347
1.02348
1.02349
1.02374
1.02379
1.02382
1.02386
1.02424
1.02441
1.02463
1.02486
1.025
1.02551
1.02589
1.02595
1.02618
1.02638
1.02671
1.02702
1.02724
1.0273
1.02752
1.0278
1.02787
1.02804
1.02827
1.02833
1.02843
1.02875
1.02877
1.02878
1.02884
1.02961
1.02978
1.02998
1.03008
1.03011
1.03011
1.03014
1.03051
1.03069
1.03078
1.0312
1.03124
1.03142
1.0315
1.03187
1.03196
1.03221
1.0323
1.03234
1.03254
1.03266
1.03267
1.03275
1.03303
1.03329
1.03329
1.03355
1.03406
1.03447
1.03476
1.03486
1.03513
1.03543
1.03552
1.03565
1.03602
1.03618
1.03775
1.03855
1.03886
1.03918
1.03933
1.03945
1.03949
1.03955
1.03963
1.03972
1.03982
1.04085
1.04085
1.04113
1.04129
1.04182
1.0419
1.04253
1.04357
1.04381
1.04538
1.04566
1.04603
1.04619
1.04634
1.04647
1.04669
1.04692
1.04723
1.04728
1.04749
1.0477
1.04809
1.0484
1.0488
1.04887
1.04892
1.04926
1.04935
1.04955
1.05065
1.05081
1.05082
1.05086
1.0517
1.05198
1.052
1.05219
1.05298
1.05332
1.05352
1.05373
1.05381
1.05397
1.05399
1.05403
1.05452
1.05483
1.05536
1.05543
1.0563
1.05651
1.05723
1.05759
1.05761
1.0578
1.05803
1.05843
1.05924
1.05962
1.05965
1.05974
1.06073
1.06164
1.06198
1.06222
1.06271
1.06507
1.0663
1.06672
1.06716
1.06802
1.06894
1.07
1.07029
1.07039
1.07234
1.0734
1.07513
1.07594
1.07645
1.07786
1.07807
1.07888
1.07955
1.08019
1.08189
1.08203
1.08259
1.08554
1.08815
1.09013
1.09172
1.09767
1.10042
1.10089
1.10342
1.10471
1.10598
1.11861
1.11909
1.12013
1.12373
1.1254
1.13591
1.13775
1.14665
