0.720849
0.780954
0.784993
0.785677
0.799897
0.801959
0.803091
0.805102
0.806124
0.819131
0.824863
0.827277
0.828659
0.832946
0.8353
0.836019
0.840289
0.852582
0.856819
0.858545
0.861793
0.863018
0.863793
0.867053
0.871413
0.872235
0.873087
0.873316
0.873677
0.873855
0.874367
0.876534
0.876561
0.877204
0.878146
0.878985
0.879645
0.880401
0.88079
0.881106
0.881289
0.881682
0.882858
0.883182
0.884613
0.885223
0.885363
0.886077
0.886316
0.888386
0.890878
0.891656
0.893934
0.895917
0.895962
0.896298
0.896442
0.896996
0.897243
0.897897
0.898003
0.898523
0.899596
0.901223
0.901607
0.902565
0.90336
0.904116
0.904334
0.904345
0.904894
0.905482
0.905886
0.905958
0.906129
0.90691
0.907204
0.907553
0.908246
0.908922
0.9097
0.910623
0.910703
0.910795
0.910962
0.911015
0.911117
0.911399
0.911411
0.911735
0.912238
0.913123
0.913766
0.913828
0.914685
0.91546
0.915511
0.91565
0.9158
0.916012
0.916115
0.916518
0.916784
0.916837
0.916975
0.917133
0.917359
0.918522
0.918567
0.918881
0.918885
0.919243
0.919769
0.920322
0.920667
0.921284
0.921529
0.921661
0.921772
0.922276
0.922377
0.922476
0.922903
0.92302
0.923497
0.924173
0.924917
0.92508
0.925156
0.925265
0.92614
0.926607
0.927213
0.927361
0.927554
0.927847
0.928043
0.928049
0.928203
0.92837
0.928687
0.929014
0.929676
0.929753
0.930083
0.930879
0.931265
0.931337
0.931507
0.931973
0.932175
0.932535
0.933231
0.933293
0.933487
0.93376
0.933786
0.933835
0.934112
0.934208
0.934242
0.934357
0.93452
0.935126
0.935423
0.935713
0.936263
0.936489
0.937246
0.937528
0.93783
0.937979
0.938048
0.938124
0.938197
0.939084
0.939443
0.939498
0.939908
0.940426
0.940608
0.940853
0.941137
0.94136
0.941456
0.941482
0.941594
0.941642
0.94208
0.942087
0.942395
0.942425
0.942634
0.942675
0.942679
0.942936
0.943513
0.944077
0.944283
0.944358
0.944559
0.945171
0.945214
0.945335
0.945364
0.945673
0.94571
0.946091
0.946181
0.946201
0.946262
0.946487
0.947088
0.947113
0.947335
0.947386
0.947458
0.947537
0.947603
0.947625
0.947783
0.948286
0.948365
0.948696
0.948732
0.948967
0.949571
0.949665
0.94968
0.949875
0.949968
0.949995
0.950333
0.950551
0.950735
0.950853
0.951003
0.951054
0.951208
0.951233
0.951258
0.951318
0.951928
0.95211
0.952199
0.95258
0.952837
0.953023
0.953036
0.953216
0.95329
0.953394
0.953768
0.953905
0.953938
0.954046
0.954056
0.954069
0.954258
0.954347
0.954468
0.954497
0.955081
0.955502
0.956114
0.956381
0.956503
0.957111
0.957505
0.957671
0.958091
0.958398
0.958521
0.959005
0.959026
0.95905
0.95911
0.95966
0.960283
0.960416
0.960807
0.960846
0.96091
0.961413
0.961765
0.961804
0.962139
0.96217
0.962177
0.962733
0.962814
0.962855
0.962858
0.962937
0.963122
0.96329
0.963316
0.963394
0.963469
0.964015
0.964104
0.964512
0.964846
0.965045
0.965071
0.965272
0.965371
0.966026
0.966229
0.966315
0.967348
0.967654
0.968509
0.969373
0.969525
0.969675
0.96997
0.970148
0.970344
0.970655
0.970729
0.970829
0.970847
0.970917
0.970992
0.971197
0.971488
0.971617
0.971756
0.971777
0.972078
0.972609
0.97279
0.972928
0.973179
0.973223
0.973355
0.97421
0.974268
0.974268
0.975106
0.975112
0.975316
0.975511
0.975515
0.975524
0.97555
0.976564
0.976583
0.976831
0.97708
0.977795
0.977884
0.978015
0.978193
0.978688
0.978766
0.979354
0.979504
0.979537
0.97977
0.979812
0.979999
0.980346
0.98085
0.981024
0.98108
0.98138
0.981394
0.981522
0.982058
0.982255
0.982392
0.982514
0.982705
0.982825
0.982956
0.983019
0.983406
0.983727
0.984103
0.984346
0.984862
0.984906
0.985107
0.98521
0.98541
0.985478
0.985675
0.985752
0.985916
0.986283
0.986307
0.98642
0.986532
0.986702
0.986908
0.98692
0.986999
0.987095
0.987194
0.987225
0.987718
0.98809
0.988778
0.98882
0.989114
0.989459
0.990342
0.990455
0.990458
0.991116
0.99135
0.991733
0.991806
0.99204
0.992256
0.992422
0.994319
0.994428
0.994739
0.994742
0.995449
0.995557
0.995772
0.995846
0.996478
0.996751
0.996854
0.996981
0.997576
0.997748
0.998063
0.998205
0.998672
0.998817
0.998983
0.999199
0.999345
0.999461
1.00004
1.00018
1.00042
1.00113
1.00136
1.00168
1.00188
1.00204
1.00246
1.0025
1.00251
1.00265
1.00288
1.00293
1.00336
1.00359
1.00367
1.00373
1.00425
1.00439
1.00439
1.0048
1.00508
1.00522
1.00564
1.00569
1.00597
1.00619
1.00661
1.00692
1.00814
1.00844
1.00853
1.00894
1.00902
1.0093
1.00952
1.00967
1.00968
1.00981
1.01136
1.0116
1.01195
1.01228
1.01259
1.01266
1.01408
1.01443
1.01468
1.01492
1.01566
1.01595
1.01602
1.01737
1.01788
1.02472
1.02519
1.02634
1.0265
1.02722
1.02954
1.02987
1.03015
1.03041
1.0314
1.03185
1.03323
1.03509
1.03591
1.03662
1.03688
1.04157
1.04225
1.04403
1.04408
1.04502
1.04624
1.04717
1.04741
1.04901
1.04914
1.05087
1.05108
1.05514
1.05715
1.05988
1.08875
1.09174
