0.64191
0.746171
0.752778
0.770311
0.773327
0.778957
0.780407
0.784941
0.786853
0.797163
0.798047
0.800186
0.800549
0.801752
0.803801
0.804063
0.804915
0.805499
0.805842
0.806727
0.809243
0.809381
0.810285
0.81254
0.812674
0.814592
0.816554
0.818644
0.81871
0.819006
0.819044
0.819122
0.82323
0.823455
0.823717
0.824571
0.826199
0.826209
0.826705
0.827678
0.831155
0.83165
0.833855
0.834079
0.834263
0.838693
0.841785
0.843186
0.845132
0.846464
0.846598
0.847163
0.848569
0.849115
0.849651
0.849826
0.852594
0.85269
0.854277
0.85456
0.854992
0.855185
0.855211
0.855893
0.856854
0.859684
0.860148
0.861196
0.861215
0.861872
0.865079
0.866983
0.86775
0.868003
0.86851
0.868765
0.871401
0.871707
0.871848
0.872449
0.872563
0.872734
0.87445
0.87584
0.87599
0.876049
0.876975
0.877772
0.877882
0.878292
0.878516
0.879083
0.881099
0.88152
0.881677
0.881829
0.882122
0.882936
0.882973
0.883509
0.884163
0.885711
0.887193
0.887211
0.887339
0.88763
0.888438
0.888836
0.889635
0.889736
0.889957
0.891322
0.892323
0.893681
0.8942
0.894218
0.895609
0.896137
0.896413
0.896607
0.897493
0.898413
0.899253
0.900668
0.900691
0.900779
0.901085
0.901301
0.902049
0.902322
0.902341
0.902841
0.904168
0.904642
0.904904
0.905968
0.906025
0.90717
0.907335
0.908203
0.908677
0.909072
0.910124
0.910945
0.911011
0.911012
0.912013
0.912285
0.912964
0.913812
0.914402
0.914594
0.915501
0.915953
0.916153
0.91618
0.916235
0.916299
0.916515
0.916601
0.916648
0.91721
0.917554
0.917608
0.917754
0.918701
0.919488
0.920017
0.920096
0.922506
0.922859
0.923627
0.924092
0.924514
0.925929
0.929165
0.930558
0.930926
0.931023
0.93111
0.931122
0.931135
0.931143
0.931237
0.931672
0.933271
0.933618
0.933721
0.934065
0.934102
0.934469
0.934557
0.934886
0.935923
0.936628
0.93731
0.937547
0.93766
0.937689
0.93846
0.939587
0.940607
0.940738
0.94095
0.940964
0.941069
0.941295
0.941639
0.941655
0.941663
0.942001
0.944246
0.94425
0.944688
0.944987
0.945719
0.945816
0.946201
0.946793
0.947056
0.947216
0.948389
0.94852
0.949064
0.950584
0.950625
0.950685
0.951301
0.951618
0.95162
0.952237
0.952662
0.952868
0.952978
0.953135
0.953711
0.953893
0.953912
0.954291
0.954451
0.954679
0.954839
0.955454
0.955744
0.956235
0.956609
0.95684
0.957256
0.957317
0.957464
0.957525
0.957738
0.957871
0.957948
0.958362
0.958579
0.958593
0.959826
0.960921
0.960933
0.961202
0.961552
0.96195
0.962026
0.962136
0.962336
0.962776
0.962979
0.963299
0.964509
0.964597
0.964626
0.964715
0.965229
0.965431
0.965605
0.966418
0.966434
0.966478
0.966576
0.967185
0.967459
0.967506
0.967507
0.967531
0.967673
0.968551
0.96872
0.968735
0.96883
0.969041
0.969233
0.969242
0.970104
0.970748
0.971178
0.971282
0.971476
0.971668
0.97169
0.971883
0.972053
0.972955
0.973054
0.973419
0.973848
0.97405
0.974498
0.974664
0.975504
0.97555
0.975557
0.97556
0.976033
0.976053
0.976303
0.97637
0.976759
0.977654
0.977861
0.978053
0.978306
0.978894
0.979113
0.979382
0.979833
0.979913
0.979927
0.979968
0.980549
0.980742
0.981121
0.981407
0.981755
0.981799
0.982487
0.98255
0.982809
0.983038
0.983644
0.98388
0.984192
0.984227
0.984669
0.984912
0.985469
0.986086
0.986429
0.988194
0.988258
0.989055
0.98908
0.989168
0.989206
0.989297
0.99025
0.990418
0.990429
0.991031
0.991119
0.991523
0.991804
0.992216
0.992336
0.992478
0.992675
0.993004
0.993351
0.993373
0.993429
0.993755
0.993852
0.994758
0.994823
0.994864
0.995933
0.99617
0.997278
0.998108
0.998623
0.998725
0.998747
0.99931
0.999447
0.999867
0.999995
1.00014
1.00049
1.00076
1.00259
1.00264
1.00286
1.00299
1.00307
1.00312
1.00312
1.00338
1.00382
1.00411
1.00415
1.00437
1.00448
1.00499
1.00504
1.00572
1.00656
1.00677
1.00696
1.00704
1.00725
1.00759
1.00809
1.00812
1.0082
1.00894
1.00929
1.00935
1.00959
1.00974
1.00984
1.00985
1.00988
1.01018
1.01029
1.01039
1.01044
1.0108
1.01081
1.01203
1.01237
1.01245
1.01266
1.0128
1.01327
1.01395
1.01538
1.01656
1.01689
1.01737
1.01895
1.0193
1.02051
1.02104
1.02161
1.02246
1.02252
1.02311
1.02354
1.02385
1.02413
1.02441
1.02468
1.02572
1.02577
1.02682
1.0285
1.02878
1.02885
1.02906
1.02908
1.03045
1.0317
1.03249
1.03343
1.03398
1.03509
1.03581
1.03605
1.03666
1.03697
1.03774
1.03918
1.03919
1.0395
1.04017
1.04062
1.04175
1.04286
1.04324
1.04341
1.0438
1.04453
1.04494
1.0458
1.0462
1.04732
1.05025
1.05029
1.05089
1.05128
1.05248
1.05328
1.05412
1.05501
1.05523
1.05532
1.05592
1.0561
1.05661
1.057
1.05723
1.05742
1.05824
1.06037
1.06113
1.06149
1.06166
1.06296
1.06354
1.0654
1.06737
1.07256
1.07367
1.07423
1.07607
1.07658
1.07669
1.07837
1.07911
1.08121
1.08599
1.09192
1.09394
1.09402
1.09487
1.09907
1.09919
1.09995
