0.789501
0.822606
0.828952
0.829105
0.847735
0.848627
0.852401
0.859687
0.871041
0.880153
0.880806
0.881719
0.883819
0.884262
0.886766
0.888818
0.889262
0.892929
0.894867
0.895194
0.895764
0.896567
0.900124
0.900999
0.901433
0.903106
0.904323
0.906368
0.907952
0.9084
0.910395
0.9112
0.911357
0.913025
0.914146
0.914326
0.915908
0.916809
0.916972
0.917358
0.921802
0.921948
0.922349
0.922777
0.922884
0.923355
0.925285
0.927912
0.927969
0.928064
0.928308
0.928309
0.928419
0.929634
0.931259
0.931908
0.93277
0.934705
0.935223
0.935482
0.935958
0.936896
0.937107
0.937124
0.938199
0.938777
0.938901
0.940849
0.941515
0.942535
0.94263
0.943273
0.943535
0.944394
0.944856
0.946178
0.948456
0.948724
0.948844
0.949332
0.949368
0.949513
0.951106
0.951506
0.951559
0.953298
0.953914
0.954444
0.954582
0.957817
0.958095
0.959516
0.960463
0.960637
0.960705
0.960709
0.960947
0.961756
0.962167
0.962746
0.962827
0.963268
0.963838
0.963867
0.965823
0.965935
0.966285
0.966799
0.967436
0.96744
0.967863
0.967998
0.968369
0.968465
0.968767
0.968956
0.969963
0.970307
0.970762
0.971774
0.971871
0.97272
0.972974
0.973037
0.973531
0.973716
0.974398
0.974737
0.974798
0.974978
0.97574
0.976298
0.97642
0.977251
0.978444
0.978784
0.978848
0.980016
0.980609
0.980795
0.980838
0.981291
0.981662
0.981765
0.981993
0.982381
0.983512
0.984113
0.984302
0.984455
0.984982
0.985366
0.985513
0.986113
0.986592
0.986958
0.987173
0.987303
0.987746
0.987751
0.988205
0.988505
0.988711
0.988747
0.989141
0.989686
0.989854
0.990086
0.990129
0.990505
0.990595
0.990608
0.990755
0.990862
0.992787
0.993186
0.993221
0.993608
0.993898
0.994052
0.994076
0.994842
0.995602
0.995665
0.995885
0.996344
0.996631
0.996736
0.997314
0.99757
0.998631
0.998748
0.999149
0.999407
1.00092
1.00094
1.001
1.00309
1.00343
1.00356
1.0037
1.00394
1.00443
1.00461
1.00516
1.00549
1.00574
1.00579
1.00585
1.00654
1.00655
1.00658
1.00669
1.00683
1.00723
1.00725
1.00728
1.0083
1.00876
1.00884
1.00898
1.00935
1.00935
1.00994
1.01008
1.0101
1.01021
1.01031
1.01066
1.01076
1.01119
1.01127
1.01133
1.01178
1.01205
1.01206
1.01279
1.01295
1.01343
1.01345
1.01364
1.01471
1.01472
1.0156
1.0158
1.01602
1.01603
1.01605
1.01612
1.01614
1.01646
1.01662
1.01664
1.01785
1.01786
1.01807
1.01844
1.01873
1.01879
1.01903
1.01919
1.01941
1.01955
1.01988
1.02034
1.02089
1.0209
1.02116
1.02126
1.02243
1.02254
1.02268
1.02283
1.02286
1.02334
1.02369
1.0238
1.02429
1.02435
1.02439
1.02445
1.02475
1.02476
1.02519
1.02558
1.02588
1.0259
1.0261
1.0268
1.02719
1.02784
1.02802
1.02821
1.02863
1.02889
1.029
1.02949
1.02958
1.02968
1.02975
1.03008
1.03027
1.0309
1.03096
1.03105
1.03135
1.03157
1.03159
1.03189
1.03269
1.03272
1.03283
1.03301
1.03319
1.03347
1.03359
1.03395
1.03416
1.0343
1.03438
1.03465
1.03494
1.03512
1.03581
1.03586
1.03607
1.03625
1.03649
1.0372
1.03746
1.03829
1.03859
1.03864
1.03876
1.03908
1.0394
1.03952
1.03959
1.0396
1.03962
1.03967
1.03978
1.04004
1.04005
1.04027
1.04027
1.04049
1.04053
1.04075
1.0409
1.04096
1.0413
1.04132
1.04176
1.042
1.04212
1.04235
1.04239
1.04261
1.04294
1.04309
1.04329
1.04398
1.04405
1.04421
1.04514
1.04616
1.04659
1.04677
1.04681
1.04688
1.04698
1.04751
1.04787
1.048
1.04837
1.04838
1.0484
1.04869
1.04953
1.04989
1.05002
1.05097
1.05102
1.05174
1.05233
1.05257
1.0528
1.05282
1.0531
1.05323
1.05342
1.05343
1.05343
1.05348
1.05351
1.05356
1.05364
1.05364
1.05387
1.05387
1.05404
1.05474
1.05487
1.05492
1.05494
1.05505
1.05572
1.05607
1.05661
1.05679
1.05691
1.05723
1.05725
1.05736
1.05737
1.05769
1.05775
1.05778
1.05849
1.05868
1.0589
1.0594
1.05954
1.05971
1.05996
1.06055
1.06145
1.06191
1.06205
1.06206
1.06275
1.06294
1.06318
1.06324
1.06348
1.06383
1.06414
1.06523
1.0653
1.06543
1.06588
1.066
1.06641
1.06682
1.06706
1.06706
1.06721
1.06729
1.06733
1.06752
1.06815
1.06874
1.06905
1.06931
1.06939
1.06942
1.06961
1.07042
1.07102
1.0716
1.07213
1.07262
1.07274
1.07344
1.0736
1.07373
1.07383
1.07458
1.07595
1.07599
1.07605
1.07707
1.07757
1.0779
1.07802
1.07982
1.08028
1.08211
1.0829
1.08291
1.08565
1.08662
1.08853
1.08915
1.08919
1.08974
1.09103
1.09208
1.09282
1.09308
1.09495
1.0951
1.09533
1.09587
1.09743
1.09826
1.09836
1.09927
1.09944
1.09996
1.10031
1.10034
1.10138
1.10155
1.10158
1.1034
1.10365
1.10512
1.10543
1.10562
1.10936
1.1094
1.11048
1.11054
1.11121
1.11231
1.11438
1.11717
1.11831
1.11845
1.13061
1.13096
1.13326
1.1334
1.13415
1.13786
1.15007
