0.764731
0.779234
0.797871
0.80127
0.801596
0.804213
0.809431
0.815243
0.815499
0.818472
0.819688
0.820198
0.822032
0.822047
0.82651
0.828895
0.829243
0.829838
0.831808
0.832548
0.832554
0.833166
0.833386
0.833558
0.833759
0.834019
0.834081
0.834906
0.836068
0.839008
0.840652
0.841385
0.842
0.842095
0.842192
0.842775
0.843357
0.843359
0.844829
0.845382
0.845833
0.847218
0.84774
0.848893
0.848917
0.849109
0.84932
0.849596
0.850155
0.850189
0.850288
0.851877
0.852252
0.853417
0.854869
0.854957
0.854968
0.85552
0.856095
0.85653
0.856913
0.857894
0.858025
0.858488
0.859047
0.859311
0.860124
0.860582
0.860781
0.861562
0.861983
0.862122
0.862164
0.862527
0.863154
0.864712
0.86557
0.866587
0.866705
0.866896
0.866996
0.867327
0.867856
0.867907
0.86935
0.869589
0.869865
0.870061
0.870991
0.871138
0.87154
0.871609
0.871701
0.871757
0.871771
0.871949
0.87356
0.873712
0.875461
0.87555
0.876137
0.876221
0.876392
0.87671
0.876737
0.877257
0.877367
0.877402
0.878631
0.878768
0.880725
0.880817
0.881276
0.881742
0.881967
0.882799
0.883109
0.88348
0.884008
0.884207
0.884236
0.8849
0.886121
0.886274
0.886506
0.888099
0.888128
0.888853
0.889539
0.890641
0.890711
0.891008
0.891862
0.892478
0.893831
0.893943
0.894036
0.894293
0.894749
0.894805
0.896465
0.896594
0.896743
0.89718
0.898291
0.899251
0.899283
0.89973
0.900199
0.900258
0.900258
0.900343
0.900403
0.900749
0.901141
0.901447
0.901564
0.902424
0.903046
0.903784
0.904102
0.904402
0.904671
0.905017
0.905728
0.905792
0.906317
0.906364
0.906383
0.906561
0.907014
0.907038
0.907356
0.907939
0.908178
0.908497
0.908982
0.909768
0.910338
0.911456
0.911792
0.911866
0.912187
0.912432
0.913532
0.914464
0.914645
0.915093
0.915362
0.917023
0.918553
0.918711
0.918841
0.918845
0.919403
0.919736
0.919771
0.920262
0.920409
0.920672
0.920991
0.921369
0.92158
0.923385
0.923664
0.924432
0.924486
0.924512
0.925825
0.926256
0.927363
0.92741
0.928017
0.928696
0.928847
0.928987
0.929
0.930251
0.930302
0.9315
0.931654
0.932075
0.933097
0.933802
0.934008
0.934721
0.935694
0.935717
0.936071
0.936178
0.936251
0.93804
0.938484
0.938484
0.939765
0.940362
0.941022
0.941301
0.941774
0.941809
0.94191
0.942001
0.942976
0.94341
0.94341
0.943447
0.94363
0.944221
0.944654
0.944778
0.94478
0.944902
0.945007
0.945719
0.946048
0.94637
0.946796
0.946962
0.947148
0.947324
0.94789
0.948089
0.948173
0.948228
0.948545
0.94961
0.949658
0.949692
0.949692
0.949977
0.950735
0.951256
0.951275
0.951467
0.951848
0.951861
0.952021
0.952093
0.952299
0.952626
0.952635
0.952831
0.952831
0.953127
0.953713
0.953862
0.954471
0.954685
0.954724
0.955681
0.955695
0.956012
0.956782
0.957112
0.958843
0.958849
0.959032
0.959492
0.959492
0.959736
0.959929
0.96018
0.96018
0.960223
0.960583
0.960826
0.961444
0.961934
0.962223
0.962521
0.963817
0.964156
0.964666
0.964798
0.964935
0.964987
0.965079
0.965145
0.965409
0.965739
0.965739
0.965958
0.966501
0.966653
0.966766
0.967136
0.96714
0.967355
0.968219
0.968469
0.968757
0.969725
0.969727
0.969733
0.969775
0.970041
0.97005
0.970488
0.970595
0.970652
0.970676
0.970725
0.971129
0.971352
0.971382
0.97143
0.97143
0.971485
0.971999
0.972287
0.973037
0.973365
0.973506
0.97456
0.974575
0.974813
0.975404
0.975949
0.976854
0.976989
0.977438
0.977692
0.977986
0.978588
0.978776
0.978983
0.97912
0.979528
0.979543
0.979709
0.979892
0.979913
0.980733
0.981138
0.981679
0.981688
0.981849
0.982097
0.982313
0.98266
0.982877
0.983017
0.983125
0.983584
0.98483
0.98483
0.985188
0.985328
0.985898
0.986561
0.986793
0.987357
0.987466
0.988017
0.988083
0.988296
0.989559
0.989866
0.989968
0.99007
0.99082
0.990956
0.991928
0.992119
0.992174
0.992174
0.992492
0.993125
0.993502
0.994089
0.99418
0.994319
0.994624
0.994872
0.995632
0.9957
0.996006
0.996353
0.996653
0.996958
0.997165
0.99729
0.997741
0.998055
0.998269
0.998913
1.00088
1.00097
1.00145
1.00148
1.00156
1.00157
1.00198
1.00279
1.003
1.00365
1.0047
1.00488
1.00498
1.00519
1.00519
1.00535
1.00582
1.00591
1.00602
1.00644
1.00647
1.00655
1.00655
1.00687
1.00689
1.00693
1.00718
1.00808
1.00854
1.00923
1.01133
1.0114
1.01259
1.01306
1.01382
1.01383
1.01416
1.01416
1.01421
1.01424
1.01451
1.01538
1.01638
1.01685
1.01703
1.01705
1.0171
1.0179
1.01795
1.01871
1.02018
1.0206
1.02166
1.02266
1.0233
1.02355
1.02399
1.0244
1.02448
1.02448
1.02465
1.02604
1.02616
1.0265
1.02724
1.02765
1.0289
1.0289
1.02942
1.03051
1.03072
1.03079
1.0309
1.0313
1.03137
1.03199
1.03203
1.03226
1.03238
1.03307
1.03566
1.03584
1.03698
1.03774
1.0401
1.04032
1.04043
1.04295
1.04345
1.04555
1.04869
1.04917
1.05056
1.05189
1.05616
1.05653
1.05749
1.06646
1.06912
1.07244
1.07316
1.0871
