0.87915
0.879185
0.902232
0.907057
0.913847
0.961933
0.980394
1.02998
0.911221
0.928895
0.937271
0.953225
0.959179
0.988866
0.989835
0.990791
0.907963
0.874779
0.945605
0.980538
0.945235
1.01313
1.0236
1.03105
0.926869
1.03971
0.967106
1.0544
1.00529
1.00953
1.0343
1.05272
0.911222
0.963517
0.965098
0.970369
0.973206
0.978013
0.98223
1.0138
0.810491
0.864158
0.875032
0.911938
0.926845
0.957991
0.962478
0.979016
0.928487
0.944599
0.958003
0.961271
0.963917
0.971535
0.999934
1.02852
0.892976
0.906792
0.914827
0.938428
0.941927
0.972282
0.991596
1.00328
0.971396
0.984637
1.00109
1.01828
1.02295
1.03482
1.04567
1.05783
0.9856
0.99397
0.998076
1.00733
1.02178
1.02602
1.03166
1.03251
1.00314
1.00534
1.01697
1.01806
1.01896
1.03409
1.036
1.08925
0.97798
0.991613
1.00904
1.00965
1.02801
1.04377
1.0534
1.0593
0.982131
0.989536
0.993546
0.994707
0.997212
1.00619
1.01254
1.03505
0.956769
0.962563
0.991202
0.991916
0.999544
1.02421
1.02766
1.0415
1.00862
1.01346
1.02146
1.02275
1.0241
1.02871
1.04878
1.05033
0.958455
0.990232
0.998536
1.01632
1.02224
1.03829
1.04122
1.05295
0.953033
1.02168
1.02584
1.02868
1.02913
1.04021
1.04473
1.06532
0.944915
0.962681
0.968164
0.96927
0.975528
1.02004
1.02267
1.02309
0.945788
0.978815
0.995623
0.99731
1.0167
1.02906
1.03568
1.03946
0.986119
0.98764
0.995514
1.00424
1.00803
1.01651
1.01865
1.07554
0.802556
1.01383
1.03004
1.07441
0.933344
0.973208
0.982953
0.986289
1.00816
1.01159
1.01559
1.03934
0.884277
0.943011
0.94705
0.956714
1.00058
1.01185
1.03605
1.05122
0.913241
0.949025
0.96312
0.986673
0.987127
1.00438
1.0054
1.03088
0.88709
0.945094
0.95623
0.964301
0.976709
0.97902
1.00975
1.01755
0.865629
0.935587
0.941453
0.990233
0.99694
1.00927
1.02422
1.03008
0.963009
0.96951
0.970454
0.987808
0.996548
1.00216
1.0083
1.04509
0.921591
0.943768
0.966956
0.968404
0.980872
0.987543
1.0005
1.01422
0.927018
0.929697
0.93943
0.945813
0.954788
0.968193
0.983495
0.993381
0.944366
0.95212
0.973919
0.986648
0.993241
1.01578
1.02983
1.04781
0.844018
0.850381
0.895895
0.900658
0.918936
0.944262
0.96958
0.99063
0.85855
0.883515
0.894201
0.896916
0.914137
0.926075
0.939889
0.977403
0.774619
0.819443
0.847007
0.86917
0.93338
0.955946
0.957719
0.974224
0.923099
0.935967
0.952759
0.954057
0.97034
0.971768
0.981052
0.996668
0.915973
0.935325
0.94005
0.943636
0.978586
0.985167
0.998814
1.03331
0.91991
0.96489
0.983698
0.984255
0.991673
1.00137
1.03514
1.07498
0.881277
0.88726
0.898521
0.902495
0.926322
0.926578
0.977825
1.01874
0.901867
0.911878
0.913283
0.914159
0.925409
0.935702
0.947244
1.01379
0.884878
0.895528
0.906111
0.941415
0.95726
0.972928
0.973714
0.990885
0.846556
0.849647
0.869501
0.86974
0.880065
0.894851
0.927484
0.973604
0.866899
0.868297
0.93528
0.945677
0.945937
0.953104
0.954589
0.980953
0.848088
0.87021
0.905329
0.922765
0.93913
0.967167
0.970929
1.00159
0.85429
0.893355
0.90993
0.910063
0.914053
0.936166
0.945048
0.961556
0.85429
0.893355
0.90993
0.910063
0.914053
0.936166
0.945048
0.961556
0.771554
0.886062
0.905202
0.912631
0.927259
0.933449
0.934256
0.982688
0.845548
0.86884
0.890225
0.913407
0.929357
0.93828
0.956928
0.96867
0.857486
0.898388
0.899722
0.903544
0.915565
0.928227
0.942101
0.997106
0.904079
0.908565
0.915533
0.938179
0.941296
0.946387
0.947385
0.963301
0.910265
0.935862
0.939914
0.944358
0.981071
0.984102
0.991675
1.00895
1.00304
1.00748
1.02252
1.02817
1.03207
1.06321
1.07355
1.09101
0.992544
1.00116
1.02731
1.03096
1.0427
1.07024
1.07062
1.08767
1.00087
1.00865
1.00955
1.01298
1.02527
1.0349
1.04953
1.06979
0.965668
0.986617
0.987876
1.0001
1.03237
1.04198
1.05741
1.07639
0.945591
1.00598
1.03077
1.04461
0.996092
1.00004
1.01326
1.02089
0.985472
0.987818
0.999099
1.00036
1.01475
1.01756
1.03164
1.03756
0.910046
0.961019
0.991072
1.00255
1.01195
1.01546
1.02122
1.03437
0.946424
0.947767
0.96625
0.974915
0.988818
0.9907
0.992838
0.993504
1.01529
0.839194
0.846164
0.89205
0.930294
0.947193
0.978081
0.981949
0.982669
0.967866
0.968392
0.984672
0.996097
0.957833
0.966856
0.988376
0.996264
1.00242
1.00447
1.00641
1.02578
0.993633
1.00346
1.00616
1.03226
1.03325
1.03662
1.04362
1.05363
0.967968
0.990339
0.958303
0.952938
1.03951
1.0072
0.965517
0.999987
0.937738
0.96233
0.977203
0.99864
0.934031
0.978625
0.978268
0.969758
0.96557
0.976937
0.929906
0.980874
1.00362
0.917858
0.968011
0.928971
0.934468
0.997817
1.03728
0.969396
0.956211
0.885328
0.879314
0.995451
0.985409
0.920498
0.864166
0.910076
0.968419
0.974471
0.960889
0.915938
0.859685
0.974597
0.996687
0.978506
0.987935
0.992664
0.996671
