0.756697
0.861806
0.926344
0.948584
0.921430
0.877405
0.994676
1.096410
0.643002
0.858638
0.878132
0.900309
0.917110
0.963618
0.961310
1.021982
0.938213
0.964364
0.962147
1.016067
1.015304
0.954754
1.016706
1.010999
0.759196
0.967473
0.977103
0.966464
0.963971
0.959540
1.009275
0.962364
0.825708
0.844369
0.855612
0.931963
0.967515
0.996489
0.947097
1.002728
0.890996
0.960051
0.957528
0.992013
0.965205
1.028951
0.986483
1.039729
1.092617
0.912337
0.752004
0.952495
0.953292
1.054480
1.018120
1.033790
1.040470
1.015300
1.030670
0.925630
1.003870
0.967654
1.001930
0.949765
0.992639
0.992215
1.022780
0.931160
0.974480
1.004950
0.981645
0.970274
1.003440
0.993530
0.943225
0.947191
0.988630
0.954811
0.967147
0.993459
1.001900
0.978581
0.994678
0.903489
0.953397
0.984278
0.954945
0.957782
0.989045
0.961399
0.986306
0.934752
0.945069
0.958981
0.975395
1.028660
1.002470
1.024310
0.968923
0.956115
0.920650
0.951025
0.969859
0.971355
1.012220
0.991967
0.953505
0.916820
0.987929
0.938798
0.993310
0.981301
0.943677
1.022150
1.016750
1.041700
0.998201
1.018580
0.999269
1.007990
0.971967
1.022730
1.061150
0.923597
0.941165
0.973962
0.943283
0.969706
0.959714
0.708449
0.743032
0.724971
0.740553
0.742968
0.768217
0.797906
0.805688
0.734329
0.799509
0.765688
0.762909
0.758598
0.790448
0.844753
0.845525
0.808365
0.813487
0.850904
0.810226
0.786783
0.89107
0.746729
0.857257
0.820225
0.812081
0.846904
0.885094
0.828959
0.945665
0.725257
0.845921
0.87496
0.851202
0.851901
0.898329
0.868714
0.838202
0.859103
0.889522
0.888924
0.790984
0.896673
0.893963
0.854456
0.761683
0.865402
0.937501
0.896914
0.89119
0.940557
0.909222
0.941261
0.750352
0.82298
0.883317
0.984109
0.982714
0.897551
0.945186
0.937521
0.931132
0.943246
0.920132
0.945659
0.903432
0.934261
0.940844
0.915531
0.947291
0.922994
0.793411
0.985182
0.862347
0.906211
0.941851
0.933987
0.953069
0.898312
0.932477
0.885054
0.93991
0.871657
0.951
0.868403
0.948829
0.785957
0.952114
0.993302
0.936561
0.954435
0.921961
0.824119
0.864655
0.98653
0.963262
0.833652
0.924892
0.894457
0.845986
0.961027
0.984575
0.93016
0.850428
0.982714
0.940787
0.963204
1.0095
1.00122
0.923465
0.924761
1.02359
1.01042
0.981942
0.795991
0.996448
0.943091
0.866312
0.806355
0.968064
0.898847
1.01286
0.954816
0.950768
0.973714
0.812167
0.961724
0.980869
0.985548
1.01392
0.975281
1.00815
0.916285
0.989492
0.967957
0.981119
0.999759
0.955125
0.90138
0.944539
0.882773
0.953327
0.969822
1.02556
1.02103
0.955437
1.00811
1.02523
0.97357
1.00667
0.964564
0.958428
0.974657
1.04635
1.00737
1.00899
0.939807
0.842512
0.982109
0.990519
1.01619
1.05349
0.979718
0.965234
0.933439
1.04846
1.00668
1.01705
0.976915
0.994543
0.988907
0.999774
0.984316
0.956815
1.01802
1.02451
1.00784
0.979967
1.01023
1.03833
1.00353
0.971245
1.03768
0.962491
1.00331
0.964206
1.02119
1.02305
1.0666
0.975584
1.02202
1.03733
1.03917
0.94349
0.919374
0.980894
1.00639
1.0131
1.02172
1.01852
0.99745
0.945751
0.996989
0.989404
1.02564
1.01901
0.807813
1.07522
0.960577
0.996509
0.928048
1.05088
1.0224
0.939758
1.04258
0.982659
0.978948
0.973805
0.980755
1.03656
1.01083
1.05441
0.999407
1.01038
1.00208
0.974862
1.00965
0.978955
1.00782
1.05661
1.00479
0.996068
0.942758
0.95371
1.02305
1.02919
1.03167
0.986792
1.0068
0.909595
0.971364
0.984798
1.02053
1.02739
0.853387
0.915921
1.05313
0.972327
1.02502
0.94374
1.06798
0.989696
0.989332
1.03166
0.967924
0.955675
1.04055
0.985984
1.00436
0.949602
0.890034
1.04437
0.973132
0.999589
1.01628
0.961809
1.02415
1.02524
1.00081
1.03071
0.987862
0.988408
0.977334
1.031
1.04024
0.964262
1.02745
0.969792
0.996715
0.985487
1.0222
0.998129
1.00802
1.04216
0.94597
1.00956
0.994269
1.00264
0.971159
1.02412
1.0265
1.05034
0.977427
1.05388
1.02584
0.910086
1.0474
1.00459
1.0291
1.00416
0.978037
1.02212
1.03604
0.971832
0.970376
1.03003
1.04765
0.982892
1.02255
1.02227
1.02783
1.02032
1.0311
1.02751
1.03011
1.02555
1.01749
1.01975
1.01734
0.993665
1.07037
1.03779
1.0245
0.963171
0.984591
1.02303
1.03781
1.00958
1.0759
1.00101
1.07343
1.00498
1.03286
1.05297
1.0505
0.907679
1.00919
0.967713
1.08089
1.05729
1.04283
1.05894
0.974398
1.00937
1.10658
1.06943
1.00949
1.01137
1.01132
0.945602
0.986831
0.937035
1.04375
0.980606
1.02383
1.00918
0.999523
1.05505
1.03227
0.990692
1.04735
1.05097
1.00156
1.051
1.02445
1.02005
1.05058
1.10646
1.08159
1.05708
0.98506
0.993543
1.0572
1.01984
1.06362
0.993302
1.01811
1.01788
1.01271
1.06487
1.00543
1.05427
1.04824
1.00916
1.03402
1.00829
1.0214
1.09454
1.05099
1.01063
0.966535
0.984186
1.01409
0.976901
0.994325
0.974851
0.956258
0.90389
1.04491
1.03139
1.03443
0.995996
1.02323
1.0448
0.983811
1.08281
1.02473
1.05901
0.983165
1.03718
1.02796
0.949987
1.10942
1.05836
1.11235
1.04365
0.995357
1.03067
1.00385
1.00939
0.991073
0.969825
1.06238
0.932509
1.04735
1.02095
1.00479
0.997965
1.01162
0.980436
0.983524
1.00789
1.05078
0.961058
1.05945
1.00234
1.07547
1.01931
1.04783
1.08375
1.0222
1.03827
0.997561
1.01975
1.10722
1.05396
1.06337
1.00718
1.0743
1.11659
1.01141
1.07572
1.00554
1.02346
1.03527
1.00919
1.0455
0.977172
1.03121
1.02048
1.06734
1.01469
1.08615
1.04515
1.09281
1.04291
1.0658
1.01734
1.07169
1.0736
1.00309
0.998894
0.965239
1.02405
1.10509
1.08514
1.06718
1.02148
1.07041
1.06643
1.00221
1.07942
1.04272
1.03961
1.06531
1.12155
1.06296
1.07678
1.0405
1.06884
1.10767
1.0829
1.03996
1.05206
1.01104
0.93867
0.994824
1.07277
1.01551
1.0638
1.04
1.04784
1.05028
0.989777
1.06641
0.988588
1.17636
1.09201
1.07439
1.03717
1.05705
1.02853
1.04129
1.11137
1.07702
1.03334
1.03663
1.03065
1.06939
1.07965
1.0813
1.07104
1.03931
1.06185
1.05002
1.02004
1.01709
1.02764
1.03987
1.03446
1.16464
1.08291
1.11786
1.09579
1.01153
1.06936
1.06643
1.07087
