0.739852
0.771098
0.863284
0.791108
0.847946
0.837463
0.795572
0.86264
0.86915
0.899337
0.827712
0.897813
0.906106
0.919653
0.919019
0.92619
0.981644
0.909875
0.998597
0.920306
0.984299
0.942015
0.955326
0.986454
1.01855
0.893256
0.981313
1.00835
0.99917
1.0049
0.990235
0.984299
1.0405
0.99632
0.920001
1.02314
0.976454
1.00638
1.02292
1.06168
1.05081
0.964354
1.00598
0.978898
1.00844
0.943862
0.978888
1.02573
1.06054
1.08926
0.950941
1.00137
1.01437
1.06159
1.03601
1.01236
1.00664
1.03261
1.00762
0.945381
0.985078
0.994279
1.03752
0.995254
1.01698
1.01227
1.01019
1.00365
1.05271
0.993981
1.06947
0.978216
1.04155
1.05305
0.982023
1.01954
1.07467
1.04386
1.02501
1.06185
1.01854
1.08025
1.05205
1.0186
1.01751
0.957119
1.03287
1.03992
1.03085
1.00674
1.03226
1.06295
1.03687
1.01356
1.00074
0.989118
1.02504
0.982178
1.0606
0.987585
1.01858
1.06637
1.03525
1.04938
1.01738
1.03233
1.03803
1.07284
1.03373
1.01736
1.00648
1.04936
1.01775
1.05581
1.03347
1.01914
1.04295
1.03589
1.08819
1.12756
1.09462
1.03013
1.01216
1.05252
1.0628
1.05222
1.07807
1.04474
1.09043
0.62574
0.730989
0.821603
0.81005
0.799813
0.840113
0.81951
0.831278
0.797137
0.794158
0.824326
0.821347
0.786799
0.828252
0.864202
0.845471
0.840909
0.820498
0.849027
0.832126
0.800119
0.840943
0.84705
0.843229
0.810749
0.840421
0.844216
0.818297
0.813863
0.857124
0.855541
0.82751
0.808414
0.84275
0.859603
0.857079
0.841121
0.836811
0.842204
0.887827
0.909619
0.884432
0.855211
0.866524
0.829576
0.840359
0.840856
0.927214
0.960422
0.907628
0.863747
0.894237
0.954773
0.926596
0.858422
0.978999
0.986632
0.85813
0.982599
0.860689
0.940621
0.950925
0.947786
0.918289
0.865868
0.968574
0.936422
0.987408
0.908974
0.949891
0.984088
0.900347
0.892995
0.934227
0.9392
0.873611
0.977385
0.873017
0.98784
0.931603
0.996844
0.956253
0.8695
0.978169
0.97544
1.00236
0.98282
0.944939
0.927476
0.877853
1.00814
0.989035
1.0017
0.997293
0.941753
1.01078
0.9991
1.01456
0.858637
0.966452
0.941503
0.992892
0.956048
1.00264
1.04212
0.99787
1.00273
1.06245
1.0488
0.934035
0.919399
1.00777
0.954322
0.960192
1.06912
1.0005
0.936892
1.01564
1.01795
1.0378
0.947061
0.927005
1.00351
1.00487
1.01725
1.01479
0.995287
0.992195
0.976404
1.07746
0.948369
1.04998
0.969035
1.05321
0.94373
1.01237
1.04301
1.00232
0.94404
0.970119
1.00867
1.00151
0.996585
1.07592
1.012
1.02967
1.06712
1.06223
1.11086
1.03405
0.981842
1.04631
1.07617
0.964609
1.04712
1.04184
1.02353
1.09892
1.12656
0.964639
1.07141
1.00431
1.04205
0.987602
1.02118
1.04749
1.09478
1.06388
1.07992
1.00702
1.072
1.02378
0.938885
1.04552
1.04827
1.00809
1.03183
1.05203
1.01381
1.05323
1.04593
1.02543
1.01003
1.02908
1.04218
1.05705
1.03553
1.04703
1.05835
1.04029
0.996409
1.05312
1.03304
1.08632
1.02826
1.03417
1.06474
1.03782
1.07393
0.999496
1.00065
1.08749
1.03651
1.04876
1.0614
1.00531
1.07335
1.04701
1.04312
1.06237
1.07785
1.047
1.10598
1.03758
1.07007
0.969927
1.04544
1.04129
1.05277
0.98595
1.06256
1.03215
1.01147
1.09011
1.01311
0.993818
1.09464
1.06662
1.02289
1.0582
1.10887
1.02433
1.03183
1.0583
0.985597
1.07873
1.0652
1.0051
1.09877
1.07878
1.05286
1.05757
1.06108
1.04319
1.07248
1.07618
1.02245
1.06264
1.07942
1.03186
1.07568
1.09351
1.0277
1.07864
1.08897
1.05141
1.09132
1.01542
0.993796
0.987229
1.04928
1.0673
1.03512
1.09462
1.09201
1.00167
1.00389
1.03699
1.0477
1.0436
1.07142
1.03533
1.08661
1.01701
1.06317
1.05938
0.980427
1.01072
1.06166
1.0578
1.037
1.09134
1.09811
0.992568
1.06997
1.05908
1.03936
1.03487
1.08161
1.04126
1.08827
1.0557
1.04411
1.04995
1.02378
1.07277
1.06321
1.04054
1.14197
1.08879
1.06911
1.08744
1.06674
1.02378
1.03639
1.05095
1.02943
1.11953
1.03316
1.03786
1.03272
1.06247
1.04994
1.04763
1.03664
1.06341
1.0961
1.04625
1.07501
1.02617
1.08331
1.10316
1.0742
1.09265
0.968611
1.06245
1.03141
1.10313
1.11615
1.04226
1.00661
1.08079
1.07727
1.10825
1.02347
1.0391
1.05162
1.0009
1.07487
1.09642
1.00826
1.06849
1.07983
1.03786
1.04863
1.07389
1.09508
1.05796
1.03835
1.08506
1.03447
1.02308
1.05478
1.08229
1.09122
1.10355
1.06984
1.04461
1.05056
1.03221
1.046
1.10551
1.09673
1.07862
1.10432
1.0731
1.01143
1.03026
1.09472
1.0417
0.990417
1.07841
1.08398
1.04359
1.03102
1.04504
1.07088
1.06055
1.06764
1.06407
1.088
1.05085
1.13068
1.08745
1.06242
1.13359
1.10134
1.09575
1.09843
1.08776
1.07622
1.09117
1.02384
1.07639
1.04814
1.07052
1.06133
1.16452
1.1132
1.15497
1.11108
1.17163
1.03377
1.06557
1.02205
1.04759
1.08269
1.02724
1.17917
1.10375
1.07149
1.03396
1.04269
1.01034
1.0736
1.07772
1.06506
1.08883
1.13297
1.04946
1.05259
1.08974
1.10218
1.09044
1.09705
1.06508
1.09057
1.01785
1.05013
1.06095
1.07439
1.07141
1.08342
1.08889
1.08248
1.0619
1.05518
1.05306
1.06076
1.0812
1.02443
1.07369
1.04603
1.11343
1.06248
1.07393
1.03167
1.07592
1.07292
1.07823
1.07355
1.06209
1.02015
1.04936
1.0359
1.0535
1.06029
1.03622
1.04862
1.06353
1.05379
1.07646
1.0662
1.1189
1.11671
1.10143
1.06301
1.11194
1.03467
1.0913
1.07596
1.04101
1.05967
1.08591
1.06302
1.08975
1.09387
1.09983
1.03381
1.0985
1.03314
1.0454
1.09232
1.05158
1.03903
1.05069
1.1103
1.03281
1.12139
1.0251
1.11651
1.03971
1.10358
1.07456
1.03738
1.09865
1.11127
1.0546
1.09759
1.08396
1.0781
1.1109
1.05424
1.06304
1.09388
1.09035
1.02131
1.07904
1.08315
1.07521
1.04436
1.08417
1.09511
1.05896
1.07863
1.11373
1.12902
1.10987
1.11459
1.07935
1.0542
1.08428
1.11248
1.09819
1.08724
1.10537
1.1286
1.0883
1.12031
1.0693
