0.633988
0.68005
0.678462
0.700952
0.6899
0.73943
0.765434
0.757356
0.776907
0.79258
0.929486
0.846652
0.790258
0.812965
0.814293
0.867993
0.844562
0.823922
0.864452
0.861087
0.897617
0.884651
0.896973
0.879096
0.932096
0.869271
0.866786
0.910462
0.894019
0.898289
0.929486
0.946902
0.91694
0.8858
0.850039
0.889282
0.928016
0.927775
0.918744
0.920254
0.961774
0.912567
0.950623
0.931407
0.916068
0.957615
0.920441
0.940294
0.940092
0.857019
0.948973
0.929601
0.974132
0.961773
0.948687
0.937587
0.957663
0.943516
0.937676
0.967259
0.940092
0.923124
0.966471
0.93501
0.955817
0.955013
0.904847
0.934556
0.958783
0.937181
0.934722
0.984712
0.932982
0.957896
0.980268
0.95471
0.951805
0.981437
0.950706
0.953846
0.970033
0.92756
0.986897
0.963821
0.977044
0.977314
0.960687
0.972664
0.988217
0.961401
0.98916
0.965091
0.954786
0.968707
0.970932
0.978877
0.97024
0.973218
0.978981
0.983377
0.973273
0.972591
0.960341
0.968441
0.988727
0.947835
0.968221
0.980061
0.979681
0.998101
0.963899
0.944789
0.995307
0.992897
1.01467
0.989497
1.00131
1.01834
0.922828
0.995587
0.988124
0.997366
1.00139
1.03992
1.01502
1.02478
1.00655
1.02576
0.922828
0.64203
0.813316
0.848104
0.800839
0.877071
0.887161
0.90145
0.930638
0.878752
0.888375
0.926673
0.90758
0.923235
0.903633
0.925457
0.991574
0.909546
0.901868
0.914479
0.915001
0.912388
0.977877
0.936132
0.910311
0.959028
0.896016
0.939693
0.943026
0.959735
0.980479
0.903627
0.937673
0.939301
0.945495
0.929723
0.979901
0.93716
0.954078
0.941224
0.959395
0.93468
0.929498
1.01663
0.986311
0.952064
0.947365
0.932611
0.915395
0.979332
0.942912
0.908218
0.930534
0.877931
0.980992
0.948781
1.00089
0.914633
0.943655
0.977247
0.943185
0.95512
0.975494
0.973349
0.923717
0.951529
0.950851
0.954684
0.924207
0.989816
0.974289
0.975621
0.94979
0.987894
0.93868
0.879375
0.975332
0.983783
0.986527
0.964445
0.944955
0.978564
0.936405
1.01376
0.988534
0.986221
1.00566
0.976083
0.993033
0.944524
0.974046
0.97798
0.973483
0.992629
0.981327
1.00035
0.924064
0.963381
0.952072
0.950516
1.00091
0.948388
0.962273
0.9752
0.920932
0.953682
0.978167
0.979841
0.952146
1.01213
0.979702
0.954267
0.988413
1.01952
0.953265
0.997984
0.930387
0.980539
0.973824
0.998955
0.975419
1.00577
0.964535
0.988066
1.00751
0.949048
0.972177
1.01645
0.974199
0.974883
0.988872
1.02306
0.972759
0.960397
1.00414
1.02296
0.991492
0.976593
0.94979
0.969916
0.994093
0.973254
0.987403
0.999975
0.977007
0.981724
0.99586
1.01393
1.00065
0.982957
0.978055
0.98015
0.970202
0.979166
0.924706
0.981909
0.968245
0.955588
0.996047
1.0223
0.959208
0.964561
0.987104
0.984055
1.01594
0.965107
0.960866
0.999246
1.00059
1.00067
0.963274
0.991102
0.942761
0.999863
0.943923
1.00292
0.992609
0.990121
0.984614
0.89507
0.994438
0.940111
0.996258
0.985492
1.03918
0.984404
1.05315
1.02429
1.00597
0.994583
0.966676
0.991825
0.92645
0.919151
1.00682
0.984636
0.967158
1.00844
1.04145
0.975459
1.01134
0.975065
0.980495
0.990067
0.994328
0.979899
0.959764
1.01444
0.981803
0.981954
1.02188
0.901492
0.994009
0.985166
0.974883
0.995898
1.01904
1.0174
1.02557
0.990287
0.993782
1.00225
0.980302
1.00075
1.01597
0.979433
0.980111
0.934309
0.991256
0.967272
1.02436
1.01465
0.966799
1.00544
0.99073
1.01337
1.00366
1.00939
1.02037
1.03153
0.987991
0.942288
0.987485
0.989347
0.984852
0.989788
1.01329
0.97623
1.02118
0.995385
1.01107
0.988019
0.992477
1.0101
1.01157
1.02516
0.972277
1.00001
1.03446
0.989771
0.977745
1.03141
1.0022
1.00444
1.01444
1.00686
1.00175
1.03515
0.995217
0.960119
1.01422
0.984349
1.00231
1.05351
1.02654
1.02963
0.986561
0.959939
1.00939
1.04048
0.962646
1.0241
1.02779
1.03271
0.98921
0.991368
1.04113
1.01001
0.994893
1.03193
1.03461
1.03228
1.0284
1.00163
1.04069
1.01747
0.993715
1.03342
0.989225
0.994542
1.02269
1.02854
0.978704
1.03489
0.879071
0.987949
1.02535
0.994504
0.990244
0.98591
0.947949
1.00394
1.03161
0.885635
1.00362
1.02064
0.993701
0.980381
1.06872
1.02583
1.03306
1.00344
1.03026
1.04915
1.01647
1.0238
1.01781
1.00172
1.02708
1.03092
1.00108
1.01861
1.03531
1.01515
1.02256
1.00998
1.03199
1.07316
0.994648
1.03244
1.00089
1.00227
1.04542
1.04091
1.01905
0.992981
1.01086
0.988669
1.00871
0.999197
1.00866
1.00784
1.0095
1.03242
0.951927
0.964056
1.03382
1.04508
1.02262
1.04488
1.00756
1.02202
1.0321
1.01706
1.02299
1.03741
1.05891
1.02884
1.03071
1.02102
1.00188
0.970235
1.00667
1.02843
0.9846
1.0175
0.93339
1.00078
1.02675
0.990088
0.984704
0.996856
1.02114
1.04427
1.06242
1.02877
1.00478
1.02386
1.01872
1.05945
1.01034
1.0752
1.055
0.95399
1.02561
1.04503
1.00745
1.0307
1.02983
1.04228
1.01556
1.02703
1.00665
1.01597
1.03353
0.982646
1.00313
1.04558
1.00005
1.04179
0.996809
1.05677
1.00512
1.00846
1.00957
1.00511
1.04428
0.996171
1.04258
1.0015
1.01664
0.999289
1.02027
1.02593
0.988372
1.04597
1.00593
0.993984
1.02086
1.00059
1.06645
1.05106
1.03512
0.979124
1.03506
1.04209
1.00823
1.04148
1.07435
1.01963
1.02231
1.03814
1.0109
1.02883
1.01233
1.05117
0.991337
1.03023
1.02262
1.03268
1.03289
1.05377
1.01411
1.01176
1.02339
1.01212
1.04181
1.0161
1.00659
1.0237
1.00754
1.01002
1.03751
1.0613
1.06319
0.988555
1.02664
1.02457
1.05329
0.998236
1.03832
1.00232
1.02187
1.06281
1.056
1.02227
1.02946
1.04387
1.06197
1.08901
1.03655
1.01733
1.04521
1.08822
1.05591
1.03392
1.04426
1.01168
1.02135
1.07954
1.04443
1.04203
1.07581
1.07219
