1.01344
0.939885
0.958906
0.943268
0.911486
0.958651
0.989451
0.962849
0.936632
0.924328
0.956458
0.945969
0.949325
0.914172
0.910916
0.946665
0.959939
0.966032
0.90706
0.977468
0.95696
0.980615
0.963777
0.944225
0.943968
0.949586
0.948525
0.938569
0.936986
0.960195
0.961027
0.966082
0.946279
0.974672
0.930435
0.929491
0.874675
0.944634
0.957514
0.975565
0.973812
0.975564
0.981082
0.964369
0.927005
0.899985
0.950833
0.942052
0.919911
0.923885
0.990669
0.946411
0.964754
1.00401
0.978499
1.00989
0.93695
0.923542
0.951436
0.882387
0.954034
0.922251
0.938115
0.929939
0.946958
0.970018
0.961966
0.918472
0.951144
0.960398
0.948084
0.944141
0.931264
0.93129
0.931264
0.990418
0.950287
0.973678
0.971333
0.916775
0.923253
0.948978
0.910054
0.896288
0.884696
0.886833
0.925767
0.925519
0.949451
0.930604
0.962799
0.96394
0.925739
0.990233
0.919939
0.93904
0.915868
0.92756
0.936533
0.957941
0.927421
0.945828
0.963284
0.960826
0.909948
0.911167
0.964654
0.877001
0.942659
0.962474
0.91702
0.941495
0.915607
0.941038
0.945358
0.930204
0.957409
0.94225
0.933724
0.957293
0.975129
0.896158
0.957125
0.926297
0.95759
0.961417
0.93165
0.892793
0.938154
0.958413
0.95528
0.888074
0.978522
0.921007
0.916722
0.880957
0.943157
0.936642
0.92763
0.887403
0.901405
0.924318
0.952599
0.951517
0.925618
0.885203
0.909246
0.929987
0.966699
0.929203
0.957333
0.977024
0.975672
0.929764
0.97257
0.941925
0.950221
0.957045
0.929076
0.988682
0.909637
0.959834
0.937816
0.936163
0.960444
0.979382
0.966724
0.914915
0.966728
0.957823
0.971971
1.01128
0.998139
0.934658
0.905905
0.881611
0.943624
0.950083
0.955534
1.04621
1.0062
0.888481
0.909817
0.874245
0.859747
0.948226
0.989065
0.972438
0.994908
0.992457
1.09053
0.917139
0.940113
0.938433
0.952661
0.949522
0.8834
0.955471
0.89759
0.971402
0.927874
0.902084
0.916676
0.94819
0.866546
0.927788
0.934739
0.91
0.925372
0.960819
0.907244
0.959744
0.934919
0.947334
0.933543
0.869604
0.955705
0.96747
0.960543
0.947683
0.959217
0.975383
0.943305
0.944055
0.986234
0.925694
0.980627
0.960494
1.0001
1.00355
0.97357
0.914364
0.972406
0.907949
0.877839
0.897609
0.861382
0.942404
0.967703
0.922194
1.04227
0.981614
0.997875
0.96919
0.967936
0.938944
0.963043
1.00115
0.991795
0.951541
0.928697
0.99476
0.962534
1.00413
1.0193
1.00028
1.07424
0.999675
0.94757
0.964306
1.02734
0.961833
1.02527
0.868063
