0.986395
1.029516
1.023911
1.075980
1.071167
1.100465
1.136838
1.120037
0.739887
0.896741
1.038502
1.133788
1.101017
1.038502
1.087410
1.062764
0.972427
0.950265
1.008932
1.020977
1.043002
1.095605
1.064719
1.074116
0.857251
0.856119
1.086029
1.080140
1.091046
1.101182
1.096334
1.100581
0.914449
1.054560
1.064061
1.045018
1.087915
1.081921
1.093213
1.126282
0.848939
0.924780
0.961783
0.996194
0.972576
0.987800
0.997965
0.961720
0.769739
0.967820
0.960129
0.970371
0.969042
1.000030
1.038600
0.989452
0.928770
0.945444
0.974002
0.970965
0.993304
1.021280
1.003570
0.990973
0.923795
0.966739
0.956362
0.945191
0.948675
1.002900
1.021390
0.970139
0.862485
0.900245
0.933225
0.975337
0.979338
0.965251
0.972133
0.993428
0.951153
0.972448
0.964188
0.949915
0.963148
0.954546
0.973310
1.004420
0.913634
0.955737
0.981103
0.953884
0.977470
1.002920
0.963305
1.036400
0.889886
0.958165
0.974769
0.962616
0.989132
0.985357
1.005850
0.986787
0.943378
0.996461
0.982943
1.014310
1.017430
1.011390
1.016100
0.993993
0.910671
0.879882
0.975502
1.009140
0.985514
0.996534
0.998787
0.934566
0.973321
1.003570
1.005963
1.026776
1.071700
1.190069
1.025801
0.881276
1.211647
