0.919834
0.930699
0.967683
1.001923
1.020780
1.090746
1.082818
1.050074
0.826938
0.824740
1.023061
1.117382
1.088963
1.140679
1.141524
1.130083
0.875802
0.881747
0.945001
0.958774
0.932746
1.054200
1.113718
1.152953
1.005057
1.025360
1.097885
1.076402
1.087834
1.094837
1.238785
1.212081
1.013576
1.004091
1.033540
1.101225
1.073311
1.108094
1.145992
1.135823
0.811231
0.826462
1.098855
1.098140
1.148131
1.110823
1.120560
1.207683
1.024130
0.989767
0.994485
1.018910
1.017180
1.018770
1.045750
1.020980
0.982646
0.981102
1.006020
0.976131
1.021820
1.008530
1.006510
1.019370
1.014030
1.032210
1.007930
0.968939
1.008980
1.004450
1.017320
1.010090
1.040760
1.034070
1.018290
1.032510
1.023860
1.041540
1.059000
1.019610
1.021080
0.989004
1.041300
1.008530
1.021000
1.026480
1.031330
1.042860
0.966449
0.984100
1.019570
1.002730
1.013230
1.035940
1.026300
1.024410
0.709385
1.001390
0.970795
1.003820
1.021040
1.023060
1.037180
1.015540
0.921250
0.985279
1.000010
0.995263
1.003410
1.029950
1.011020
1.024110
0.940081
0.992680
1.012920
1.000190
0.998651
1.005280
1.007390
1.022000
0.987082
0.960715
0.969587
0.999373
0.962936
1.052470
1.048058
1.195929
1.204099
