0.756697
0.861806
0.926344
0.948584
0.921430
0.877405
0.994676
1.096410
0.643002
0.858638
0.878132
0.900309
0.917110
0.963618
0.961310
1.021982
0.938213
0.964364
0.962147
1.016067
1.015304
0.954754
1.016706
1.010999
0.759196
0.967473
0.977103
0.966464
0.963971
0.959540
1.009275
0.962364
0.825708
0.844369
0.855612
0.931963
0.967515
0.996489
0.947097
1.002728
0.890996
0.960051
0.957528
0.992013
0.965205
1.028951
0.986483
1.039729
1.092617
0.912337
0.752004
0.952495
0.953292
1.054480
1.018120
1.033790
1.040470
1.015300
1.030670
0.925630
1.003870
0.967654
1.001930
0.949765
0.992639
0.992215
1.022780
0.931160
0.974480
1.004950
0.981645
0.970274
1.003440
0.993530
0.943225
0.947191
0.988630
0.954811
0.967147
0.993459
1.001900
0.978581
0.994678
0.903489
0.953397
0.984278
0.954945
0.957782
0.989045
0.961399
0.986306
0.934752
0.945069
0.958981
0.975395
1.028660
1.002470
1.024310
0.968923
0.956115
0.920650
0.951025
0.969859
0.971355
1.012220
0.991967
0.953505
0.916820
0.987929
0.938798
0.993310
0.981301
0.943677
1.022150
1.016750
1.041700
0.998201
1.018580
0.999269
1.007990
0.971967
1.022730
1.061150
0.923597
0.941165
0.973962
0.943283
0.969706
0.959714
