1.158802
1.129751
1.035921
1.136515
1.198216
1.204124
1.188385
1.154902
1.074574
0.970408
1.129875
1.141561
1.174958
1.095054
0.996625
1.161588
0.980265
1.188073
1.215298
1.358565
1.188171
0.920167
0.952562
0.759149
1.115131
1.123904
1.186351
1.232928
1.196113
1.143191
1.164355
1.114755
1.166475
1.248955
1.220227
1.045507
0.908876
1.182225
1.195482
1.205150
1.263010
1.208000
1.253910
1.196330
1.126540
1.158340
1.086450
1.283210
1.115210
1.064760
1.207630
1.227400
1.181120
1.168030
1.198690
1.175400
1.146280
1.182280
1.200230
1.144900
1.143990
1.188280
1.126720
1.230580
1.197920
1.221270
1.222000
1.114790
1.104900
1.191270
1.198390
1.155530
1.208420
1.212170
1.054880
1.223080
1.138900
1.265910
1.188800
1.159000
1.242450
1.098760
1.146840
1.172040
1.016910
1.081210
1.218930
1.185580
1.204090
1.195260
1.204800
1.218400
1.218820
1.221880
1.239590
1.192390
1.149730
1.231920
1.201790
1.229490
1.150470
1.224220
1.185470
1.259690
1.241010
1.218790
1.209670
1.190130
1.166500
1.170430
1.189540
1.207330
1.229420
1.249990
1.222950
1.167370
1.139200
1.125740
1.082590
1.208670
1.160330
1.251470
1.149220
1.204900
1.265180
1.291740
1.257270
1.231390
1.281370
