0.739852
0.771098
0.863284
0.791108
0.847946
0.837463
0.795572
0.86264
0.86915
0.899337
0.827712
0.897813
0.906106
0.919653
0.919019
0.92619
0.981644
0.909875
0.998597
0.920306
0.984299
0.942015
0.955326
0.986454
1.01855
0.893256
0.981313
1.00835
0.99917
1.0049
0.990235
0.984299
1.0405
0.99632
0.920001
1.02314
0.976454
1.00638
1.02292
1.06168
1.05081
0.964354
1.00598
0.978898
1.00844
0.943862
0.978888
1.02573
1.06054
1.08926
0.950941
1.00137
1.01437
1.06159
1.03601
1.01236
1.00664
1.03261
1.00762
0.945381
0.985078
0.994279
1.03752
0.995254
1.01698
1.01227
1.01019
1.00365
1.05271
0.993981
1.06947
0.978216
1.04155
1.05305
0.982023
1.01954
1.07467
1.04386
1.02501
1.06185
1.01854
1.08025
1.05205
1.0186
1.01751
0.957119
1.03287
1.03992
1.03085
1.00674
1.03226
1.06295
1.03687
1.01356
1.00074
0.989118
1.02504
0.982178
1.0606
0.987585
1.01858
1.06637
1.03525
1.04938
1.01738
1.03233
1.03803
1.07284
1.03373
1.01736
1.00648
1.04936
1.01775
1.05581
1.03347
1.01914
1.04295
1.03589
1.08819
1.12756
1.09462
1.03013
1.01216
1.05252
1.0628
1.05222
1.07807
1.04474
1.09043
