0.634837
0.570818
0.668174
0.649139
0.634393
0.661765
0.636885
0.695333
0.734661
0.67015
0.725543
0.686393
0.756276
0.721042
0.731685
0.777131
0.689402
0.784728
0.767578
0.751232
0.865884
0.842031
0.856457
0.87437
0.860516
0.859661
0.896404
0.930961
0.85728
0.904704
0.920977
0.88945
0.933554
0.910734
0.884627
0.89096
0.875438
0.899124
0.942082
0.942883
0.94072
0.95019
0.906466
0.940504
0.901359
0.902837
0.929238
0.957092
0.92557
0.987437
0.940636
0.9542
0.927908
0.957738
0.955699
0.956412
0.928459
0.97462
0.945336
1.0082
0.933898
0.983262
0.949741
0.993157
1.01362
0.979908
1.00712
0.956043
0.977511
0.914038
0.954095
0.987678
0.935867
0.973987
1.00146
0.914013
0.982845
1.04215
0.920676
1.05079
1.00774
1.00592
1.03043
0.986534
0.993454
1.02621
0.95774
0.963215
0.992805
0.969649
1.00088
1.01772
0.967748
0.995845
1.01476
1.01498
0.992546
1.02016
0.959397
0.993563
1.01016
0.968989
1.04977
0.991284
1.05017
1.00145
1.02199
0.997805
1.0269
1.04803
1.03343
0.995481
0.974202
1.05791
1.02642
1.02695
1.04896
1.03936
0.980713
1.01613
1.03903
1.01843
1.02863
1.03374
1.05307
1.09427
1.0417
1.03231
1.01842
