0.731916
0.821772
0.801369
0.903421
0.886744
0.880712
0.887709
0.922713
0.90055
0.911902
1.00585
0.939944
0.935318
0.984604
0.996827
0.989318
1.00122
1.0162
0.960696
1.05246
1.05003
0.89642
0.953337
1.04042
1.01513
0.987101
1.0742
1.02655
0.937626
1.0384
1.06842
1.06657
1.01708
1.0453
1.05456
1.05327
1.09658
1.06351
1.05448
0.995707
1.07973
1.0576
0.980043
1.03133
1.03486
1.05583
1.04952
1.03757
1.06153
1.03093
0.993979
1.03173
1.0264
1.07285
1.03354
1.03969
1.02179
1.03872
1.00152
1.03126
1.07718
1.02852
1.06653
1.01236
1.00971
1.02802
1.05294
1.04546
1.02954
1.05853
1.07921
1.07852
1.02954
1.04209
1.02845
0.990376
0.990376
1.0395
1.04104
1.07415
1.02126
1.05087
1.03251
1.09155
1.07427
1.04287
1.04532
1.04591
1.02641
1.04853
1.0572
1.05149
1.07547
1.07326
1.02136
1.0438
1.03373
1.05969
1.01393
1.01448
1.06796
1.07195
1.06133
1.01541
1.0641
1.0615
1.06218
1.03302
1.04906
1.04149
1.06457
1.02548
1.0484
1.10702
1.05946
1.02336
1.04622
1.04328
1.07134
1.05289
1.07207
1.04434
1.04152
1.06535
1.10048
1.11423
1.0768
1.05453
