0.602963
0.615876
0.714884
0.730409
0.707788
0.743155
0.742263
0.745325
0.743374
0.729802
0.771863
0.801517
0.818611
0.867185
0.868148
0.826142
0.822212
0.800189
0.855285
0.839538
0.864092
0.855059
0.857372
0.903844
0.849464
0.851395
0.916556
0.921884
0.857421
0.911473
0.874816
0.911479
0.942746
0.900525
0.901836
0.925894
0.94127
0.864431
0.904895
0.938909
0.91551
0.924976
0.908048
0.885919
0.85738
0.87513
0.87773
0.915262
0.957474
0.892056
0.92506
0.947413
0.923127
0.944937
0.891565
0.958699
0.975169
0.949335
0.941776
0.902435
0.928103
0.946135
0.940953
0.905939
0.949009
0.96567
0.855089
0.927113
0.95246
0.96042
0.916137
0.919703
0.934375
0.956257
0.932315
0.976168
0.895182
0.892598
0.976233
0.983501
0.939568
0.938889
0.94262
0.87773
0.95959
0.940459
0.963985
1.00544
0.974403
0.94673
0.948352
0.976573
0.993621
0.912099
0.988556
0.963104
0.940713
0.922181
0.976409
0.970072
0.898642
0.942271
0.95489
0.98207
0.961648
0.936883
0.975316
0.94896
0.970007
1.03701
0.953056
1.02236
0.994473
0.94779
0.916357
0.96387
1.0124
1.00928
0.960335
0.971834
0.954637
0.983501
0.966221
0.87773
1.03112
1.01693
0.985272
0.988583
0.980929
1.01693
0.995078
0.982476
0.87773
1.01693
