0.643315
0.725605
0.731746
0.743452
0.748541
0.759752
0.762103
0.763862
0.764494
0.774094
0.778379
0.857616
0.787265
0.789614
0.794409
0.803825
0.803825
0.950715
0.811804
0.823365
0.824904
0.826095
0.826232
0.832516
0.839205
0.844851
0.85026
0.851854
0.851916
0.852144
0.854329
0.804111
0.859645
0.863692
0.865496
0.86797
0.869311
0.869843
0.871832
0.873067
0.874777
0.876635
0.877841
0.880444
0.880883
0.889562
0.891481
0.891596
0.897244
0.898319
0.901283
0.903322
0.907706
0.911486
0.913686
0.916451
0.91936
0.923536
0.924956
0.926145
0.926948
0.927512
0.928115
0.931235
0.931561
0.932102
0.932842
0.933727
0.934768
0.934788
0.935311
0.937828
0.938052
0.938921
0.939426
0.940985
0.941343
0.941694
0.941718
0.943556
0.94477
0.945774
0.945843
0.954526
0.946383
0.947409
0.947986
0.948075
0.949286
0.950315
0.782022
0.95293
0.945955
0.955545
0.955787
0.956405
0.956727
0.957183
0.95906
0.95946
0.960865
0.961217
0.961532
0.962801
0.963551
0.964336
0.965362
0.967292
0.967839
0.969916
0.974601
0.977966
0.979515
0.979989
0.981193
0.982629
0.983836
0.984563
0.987617
0.991754
0.997096
1.00307
1.00645
1.01478
1.01552
1.03152
1.03429
1.04153
1.04238
