0.633988
0.68005
0.678462
0.700952
0.6899
0.73943
0.765434
0.757356
0.776907
0.79258
0.929486
0.846652
0.790258
0.812965
0.814293
0.867993
0.844562
0.823922
0.864452
0.861087
0.897617
0.884651
0.896973
0.879096
0.932096
0.869271
0.866786
0.910462
0.894019
0.898289
0.929486
0.946902
0.91694
0.8858
0.850039
0.889282
0.928016
0.927775
0.918744
0.920254
0.961774
0.912567
0.950623
0.931407
0.916068
0.957615
0.920441
0.940294
0.940092
0.857019
0.948973
0.929601
0.974132
0.961773
0.948687
0.937587
0.957663
0.943516
0.937676
0.967259
0.940092
0.923124
0.966471
0.93501
0.955817
0.955013
0.904847
0.934556
0.958783
0.937181
0.934722
0.984712
0.932982
0.957896
0.980268
0.95471
0.951805
0.981437
0.950706
0.953846
0.970033
0.92756
0.986897
0.963821
0.977044
0.977314
0.960687
0.972664
0.988217
0.961401
0.98916
0.965091
0.954786
0.968707
0.970932
0.978877
0.97024
0.973218
0.978981
0.983377
0.973273
0.972591
0.960341
0.968441
0.988727
0.947835
0.968221
0.980061
0.979681
0.998101
0.963899
0.944789
0.995307
0.992897
1.01467
0.989497
1.00131
1.01834
0.922828
0.995587
0.988124
0.997366
1.00139
1.03992
1.01502
1.02478
1.00655
1.02576
0.922828
