0.690282
0.74263
0.746183
0.743435
0.727158
0.780924
0.8005
0.840774
0.792576
0.84145
0.812938
0.818405
0.854577
0.843293
0.854081
0.809927
0.893466
0.821447
0.86747
0.84797
0.930152
0.860979
0.882053
0.928367
0.910528
0.886617
0.903083
0.853965
0.896064
0.879799
0.902752
0.890334
0.887247
0.93751
0.932902
0.949754
0.944722
0.894959
0.901652
0.90024
0.926825
0.946328
0.920992
0.941485
0.932278
0.922175
0.878696
0.882592
0.897534
0.923851
0.955296
0.926286
0.990306
0.940953
0.942751
0.917303
0.944051
0.920156
0.926025
0.94055
0.930095
0.893928
0.968108
0.943191
0.94378
0.946508
0.976129
0.917959
0.942368
0.999137
0.936054
0.962403
0.947748
0.947971
0.956132
0.941211
0.949232
0.949361
0.920374
0.964154
0.968119
0.953274
0.978937
0.992869
0.929497
0.950758
0.952153
1.0099
0.978946
1.01133
0.996403
0.972591
0.947513
0.963183
0.95476
0.913261
0.945947
0.952168
0.958764
0.946223
0.981386
0.990728
0.961358
0.966711
0.941542
0.965953
0.970797
0.979275
0.986547
0.998712
1.05691
0.991955
0.976293
0.994219
0.866092
0.87569
0.910577
0.89888
0.921848
0.933282
0.98679
0.976357
0.908717
0.886307
0.872472
0.833707
0.824858
0.881774
