0.986395
1.029516
1.023911
1.075980
1.071167
1.100465
1.136838
1.120037
0.739887
0.896741
1.038502
1.133788
1.101017
1.038502
1.087410
1.062764
0.972427
0.950265
1.008932
1.020977
1.043002
1.095605
1.064719
1.074116
0.857251
0.856119
1.086029
1.080140
1.091046
1.101182
1.096334
1.100581
0.914449
1.054560
1.064061
1.045018
1.087915
1.081921
1.093213
1.126282
0.848939
0.924780
0.961783
0.996194
0.972576
0.987800
0.997965
0.961720
0.769739
0.967820
0.960129
0.970371
0.969042
1.000030
1.038600
0.989452
0.928770
0.945444
0.974002
0.970965
0.993304
1.021280
1.003570
0.990973
0.923795
0.966739
0.956362
0.945191
0.948675
1.002900
1.021390
0.970139
0.862485
0.900245
0.933225
0.975337
0.979338
0.965251
0.972133
0.993428
0.951153
0.972448
0.964188
0.949915
0.963148
0.954546
0.973310
1.004420
0.913634
0.955737
0.981103
0.953884
0.977470
1.002920
0.963305
1.036400
0.889886
0.958165
0.974769
0.962616
0.989132
0.985357
1.005850
0.986787
0.943378
0.996461
0.982943
1.014310
1.017430
1.011390
1.016100
0.993993
0.910671
0.879882
0.975502
1.009140
0.985514
0.996534
0.998787
0.934566
0.973321
1.003570
1.005963
1.026776
1.071700
1.190069
1.025801
0.881276
1.211647
0.919834
0.930699
0.967683
1.001923
1.020780
1.090746
1.082818
1.050074
0.826938
0.824740
1.023061
1.117382
1.088963
1.140679
1.141524
1.130083
0.875802
0.881747
0.945001
0.958774
0.932746
1.054200
1.113718
1.152953
1.005057
1.025360
1.097885
1.076402
1.087834
1.094837
1.238785
1.212081
1.013576
1.004091
1.033540
1.101225
1.073311
1.108094
1.145992
1.135823
0.811231
0.826462
1.098855
1.098140
1.148131
1.110823
1.120560
1.207683
1.024130
0.989767
0.994485
1.018910
1.017180
1.018770
1.045750
1.020980
0.982646
0.981102
1.006020
0.976131
1.021820
1.008530
1.006510
1.019370
1.014030
1.032210
1.007930
0.968939
1.008980
1.004450
1.017320
1.010090
1.040760
1.034070
1.018290
1.032510
1.023860
1.041540
1.059000
1.019610
1.021080
0.989004
1.041300
1.008530
1.021000
1.026480
1.031330
1.042860
0.966449
0.984100
1.019570
1.002730
1.013230
1.035940
1.026300
1.024410
0.709385
1.001390
0.970795
1.003820
1.021040
1.023060
1.037180
1.015540
0.921250
0.985279
1.000010
0.995263
1.003410
1.029950
1.011020
1.024110
0.940081
0.992680
1.012920
1.000190
0.998651
1.005280
1.007390
1.022000
0.987082
0.960715
0.969587
0.999373
0.962936
1.052470
1.048058
1.195929
1.204099
0.756697
0.861806
0.926344
0.948584
0.921430
0.877405
0.994676
1.096410
0.643002
0.858638
0.878132
0.900309
0.917110
0.963618
0.961310
1.021982
0.938213
0.964364
0.962147
1.016067
1.015304
0.954754
1.016706
1.010999
0.759196
0.967473
0.977103
0.966464
0.963971
0.959540
1.009275
0.962364
0.825708
0.844369
0.855612
0.931963
0.967515
0.996489
0.947097
1.002728
0.890996
0.960051
0.957528
0.992013
0.965205
1.028951
0.986483
1.039729
1.092617
0.912337
0.752004
0.952495
0.953292
1.054480
1.018120
1.033790
1.040470
1.015300
1.030670
0.925630
1.003870
0.967654
1.001930
0.949765
0.992639
0.992215
1.022780
0.931160
0.974480
1.004950
0.981645
0.970274
1.003440
0.993530
0.943225
0.947191
0.988630
0.954811
0.967147
0.993459
1.001900
0.978581
0.994678
0.903489
0.953397
0.984278
0.954945
0.957782
0.989045
0.961399
0.986306
0.934752
0.945069
0.958981
0.975395
1.028660
1.002470
1.024310
0.968923
0.956115
0.920650
0.951025
0.969859
0.971355
1.012220
0.991967
0.953505
0.916820
0.987929
0.938798
0.993310
0.981301
0.943677
1.022150
1.016750
1.041700
0.998201
1.018580
0.999269
1.007990
0.971967
1.022730
1.061150
0.923597
0.941165
0.973962
0.943283
0.969706
0.959714
1.158802
1.129751
1.035921
1.136515
1.198216
1.204124
1.188385
1.154902
1.074574
0.970408
1.129875
1.141561
1.174958
1.095054
0.996625
1.161588
0.980265
1.188073
1.215298
1.358565
1.188171
0.920167
0.952562
0.759149
1.115131
1.123904
1.186351
1.232928
1.196113
1.143191
1.164355
1.114755
1.166475
1.248955
1.220227
1.045507
0.908876
1.182225
1.195482
1.205150
1.263010
1.208000
1.253910
1.196330
1.126540
1.158340
1.086450
1.283210
1.115210
1.064760
1.207630
1.227400
1.181120
1.168030
1.198690
1.175400
1.146280
1.182280
1.200230
1.144900
1.143990
1.188280
1.126720
1.230580
1.197920
1.221270
1.222000
1.114790
1.104900
1.191270
1.198390
1.155530
1.208420
1.212170
1.054880
1.223080
1.138900
1.265910
1.188800
1.159000
1.242450
1.098760
1.146840
1.172040
1.016910
1.081210
1.218930
1.185580
1.204090
1.195260
1.204800
1.218400
1.218820
1.221880
1.239590
1.192390
1.149730
1.231920
1.201790
1.229490
1.150470
1.224220
1.185470
1.259690
1.241010
1.218790
1.209670
1.190130
1.166500
1.170430
1.189540
1.207330
1.229420
1.249990
1.222950
1.167370
1.139200
1.125740
1.082590
1.208670
1.160330
1.251470
1.149220
1.204900
1.265180
1.291740
1.257270
1.231390
1.281370
0.739852
0.771098
0.863284
0.791108
0.847946
0.837463
0.795572
0.86264
0.86915
0.899337
0.827712
0.897813
0.906106
0.919653
0.919019
0.92619
0.981644
0.909875
0.998597
0.920306
0.984299
0.942015
0.955326
0.986454
1.01855
0.893256
0.981313
1.00835
0.99917
1.0049
0.990235
0.984299
1.0405
0.99632
0.920001
1.02314
0.976454
1.00638
1.02292
1.06168
1.05081
0.964354
1.00598
0.978898
1.00844
0.943862
0.978888
1.02573
1.06054
1.08926
0.950941
1.00137
1.01437
1.06159
1.03601
1.01236
1.00664
1.03261
1.00762
0.945381
0.985078
0.994279
1.03752
0.995254
1.01698
1.01227
1.01019
1.00365
1.05271
0.993981
1.06947
0.978216
1.04155
1.05305
0.982023
1.01954
1.07467
1.04386
1.02501
1.06185
1.01854
1.08025
1.05205
1.0186
1.01751
0.957119
1.03287
1.03992
1.03085
1.00674
1.03226
1.06295
1.03687
1.01356
1.00074
0.989118
1.02504
0.982178
1.0606
0.987585
1.01858
1.06637
1.03525
1.04938
1.01738
1.03233
1.03803
1.07284
1.03373
1.01736
1.00648
1.04936
1.01775
1.05581
1.03347
1.01914
1.04295
1.03589
1.08819
1.12756
1.09462
1.03013
1.01216
1.05252
1.0628
1.05222
1.07807
1.04474
1.09043
0.634837
0.570818
0.668174
0.649139
0.634393
0.661765
0.636885
0.695333
0.734661
0.67015
0.725543
0.686393
0.756276
0.721042
0.731685
0.777131
0.689402
0.784728
0.767578
0.751232
0.865884
0.842031
0.856457
0.87437
0.860516
0.859661
0.896404
0.930961
0.85728
0.904704
0.920977
0.88945
0.933554
0.910734
0.884627
0.89096
0.875438
0.899124
0.942082
0.942883
0.94072
0.95019
0.906466
0.940504
0.901359
0.902837
0.929238
0.957092
0.92557
0.987437
0.940636
0.9542
0.927908
0.957738
0.955699
0.956412
0.928459
0.97462
0.945336
1.0082
0.933898
0.983262
0.949741
0.993157
1.01362
0.979908
1.00712
0.956043
0.977511
0.914038
0.954095
0.987678
0.935867
0.973987
1.00146
0.914013
0.982845
1.04215
0.920676
1.05079
1.00774
1.00592
1.03043
0.986534
0.993454
1.02621
0.95774
0.963215
0.992805
0.969649
1.00088
1.01772
0.967748
0.995845
1.01476
1.01498
0.992546
1.02016
0.959397
0.993563
1.01016
0.968989
1.04977
0.991284
1.05017
1.00145
1.02199
0.997805
1.0269
1.04803
1.03343
0.995481
0.974202
1.05791
1.02642
1.02695
1.04896
1.03936
0.980713
1.01613
1.03903
1.01843
1.02863
1.03374
1.05307
1.09427
1.0417
1.03231
1.01842
0.731916
0.821772
0.801369
0.903421
0.886744
0.880712
0.887709
0.922713
0.90055
0.911902
1.00585
0.939944
0.935318
0.984604
0.996827
0.989318
1.00122
1.0162
0.960696
1.05246
1.05003
0.89642
0.953337
1.04042
1.01513
0.987101
1.0742
1.02655
0.937626
1.0384
1.06842
1.06657
1.01708
1.0453
1.05456
1.05327
1.09658
1.06351
1.05448
0.995707
1.07973
1.0576
0.980043
1.03133
1.03486
1.05583
1.04952
1.03757
1.06153
1.03093
0.993979
1.03173
1.0264
1.07285
1.03354
1.03969
1.02179
1.03872
1.00152
1.03126
1.07718
1.02852
1.06653
1.01236
1.00971
1.02802
1.05294
1.04546
1.02954
1.05853
1.07921
1.07852
1.02954
1.04209
1.02845
0.990376
0.990376
1.0395
1.04104
1.07415
1.02126
1.05087
1.03251
1.09155
1.07427
1.04287
1.04532
1.04591
1.02641
1.04853
1.0572
1.05149
1.07547
1.07326
1.02136
1.0438
1.03373
1.05969
1.01393
1.01448
1.06796
1.07195
1.06133
1.01541
1.0641
1.0615
1.06218
1.03302
1.04906
1.04149
1.06457
1.02548
1.0484
1.10702
1.05946
1.02336
1.04622
1.04328
1.07134
1.05289
1.07207
1.04434
1.04152
1.06535
1.10048
1.11423
1.0768
1.05453
0.602963
0.615876
0.714884
0.730409
0.707788
0.743155
0.742263
0.745325
0.743374
0.729802
0.771863
0.801517
0.818611
0.867185
0.868148
0.826142
0.822212
0.800189
0.855285
0.839538
0.864092
0.855059
0.857372
0.903844
0.849464
0.851395
0.916556
0.921884
0.857421
0.911473
0.874816
0.911479
0.942746
0.900525
0.901836
0.925894
0.94127
0.864431
0.904895
0.938909
0.91551
0.924976
0.908048
0.885919
0.85738
0.87513
0.87773
0.915262
0.957474
0.892056
0.92506
0.947413
0.923127
0.944937
0.891565
0.958699
0.975169
0.949335
0.941776
0.902435
0.928103
0.946135
0.940953
0.905939
0.949009
0.96567
0.855089
0.927113
0.95246
0.96042
0.916137
0.919703
0.934375
0.956257
0.932315
0.976168
0.895182
0.892598
0.976233
0.983501
0.939568
0.938889
0.94262
0.87773
0.95959
0.940459
0.963985
1.00544
0.974403
0.94673
0.948352
0.976573
0.993621
0.912099
0.988556
0.963104
0.940713
0.922181
0.976409
0.970072
0.898642
0.942271
0.95489
0.98207
0.961648
0.936883
0.975316
0.94896
0.970007
1.03701
0.953056
1.02236
0.994473
0.94779
0.916357
0.96387
1.0124
1.00928
0.960335
0.971834
0.954637
0.983501
0.966221
0.87773
1.03112
1.01693
0.985272
0.988583
0.980929
1.01693
0.995078
0.982476
0.87773
1.01693
0.643315
0.725605
0.731746
0.743452
0.748541
0.759752
0.762103
0.763862
0.764494
0.774094
0.778379
0.857616
0.787265
0.789614
0.794409
0.803825
0.803825
0.950715
0.811804
0.823365
0.824904
0.826095
0.826232
0.832516
0.839205
0.844851
0.85026
0.851854
0.851916
0.852144
0.854329
0.804111
0.859645
0.863692
0.865496
0.86797
0.869311
0.869843
0.871832
0.873067
0.874777
0.876635
0.877841
0.880444
0.880883
0.889562
0.891481
0.891596
0.897244
0.898319
0.901283
0.903322
0.907706
0.911486
0.913686
0.916451
0.91936
0.923536
0.924956
0.926145
0.926948
0.927512
0.928115
0.931235
0.931561
0.932102
0.932842
0.933727
0.934768
0.934788
0.935311
0.937828
0.938052
0.938921
0.939426
0.940985
0.941343
0.941694
0.941718
0.943556
0.94477
0.945774
0.945843
0.954526
0.946383
0.947409
0.947986
0.948075
0.949286
0.950315
0.782022
0.95293
0.945955
0.955545
0.955787
0.956405
0.956727
0.957183
0.95906
0.95946
0.960865
0.961217
0.961532
0.962801
0.963551
0.964336
0.965362
0.967292
0.967839
0.969916
0.974601
0.977966
0.979515
0.979989
0.981193
0.982629
0.983836
0.984563
0.987617
0.991754
0.997096
1.00307
1.00645
1.01478
1.01552
1.03152
1.03429
1.04153
1.04238
0.633988
0.68005
0.678462
0.700952
0.6899
0.73943
0.765434
0.757356
0.776907
0.79258
0.929486
0.846652
0.790258
0.812965
0.814293
0.867993
0.844562
0.823922
0.864452
0.861087
0.897617
0.884651
0.896973
0.879096
0.932096
0.869271
0.866786
0.910462
0.894019
0.898289
0.929486
0.946902
0.91694
0.8858
0.850039
0.889282
0.928016
0.927775
0.918744
0.920254
0.961774
0.912567
0.950623
0.931407
0.916068
0.957615
0.920441
0.940294
0.940092
0.857019
0.948973
0.929601
0.974132
0.961773
0.948687
0.937587
0.957663
0.943516
0.937676
0.967259
0.940092
0.923124
0.966471
0.93501
0.955817
0.955013
0.904847
0.934556
0.958783
0.937181
0.934722
0.984712
0.932982
0.957896
0.980268
0.95471
0.951805
0.981437
0.950706
0.953846
0.970033
0.92756
0.986897
0.963821
0.977044
0.977314
0.960687
0.972664
0.988217
0.961401
0.98916
0.965091
0.954786
0.968707
0.970932
0.978877
0.97024
0.973218
0.978981
0.983377
0.973273
0.972591
0.960341
0.968441
0.988727
0.947835
0.968221
0.980061
0.979681
0.998101
0.963899
0.944789
0.995307
0.992897
1.01467
0.989497
1.00131
1.01834
0.922828
0.995587
0.988124
0.997366
1.00139
1.03992
1.01502
1.02478
1.00655
1.02576
0.922828
0.690282
0.74263
0.746183
0.743435
0.727158
0.780924
0.8005
0.840774
0.792576
0.84145
0.812938
0.818405
0.854577
0.843293
0.854081
0.809927
0.893466
0.821447
0.86747
0.84797
0.930152
0.860979
0.882053
0.928367
0.910528
0.886617
0.903083
0.853965
0.896064
0.879799
0.902752
0.890334
0.887247
0.93751
0.932902
0.949754
0.944722
0.894959
0.901652
0.90024
0.926825
0.946328
0.920992
0.941485
0.932278
0.922175
0.878696
0.882592
0.897534
0.923851
0.955296
0.926286
0.990306
0.940953
0.942751
0.917303
0.944051
0.920156
0.926025
0.94055
0.930095
0.893928
0.968108
0.943191
0.94378
0.946508
0.976129
0.917959
0.942368
0.999137
0.936054
0.962403
0.947748
0.947971
0.956132
0.941211
0.949232
0.949361
0.920374
0.964154
0.968119
0.953274
0.978937
0.992869
0.929497
0.950758
0.952153
1.0099
0.978946
1.01133
0.996403
0.972591
0.947513
0.963183
0.95476
0.913261
0.945947
0.952168
0.958764
0.946223
0.981386
0.990728
0.961358
0.966711
0.941542
0.965953
0.970797
0.979275
0.986547
0.998712
1.05691
0.991955
0.976293
0.994219
0.866092
0.87569
0.910577
0.89888
0.921848
0.933282
0.98679
0.976357
0.908717
0.886307
0.872472
0.833707
0.824858
0.881774
