0.74356
0.804597
0.820157
0.910316
0.895377
0.873923
0.835403
0.847621
0.796733
0.842175
0.82434
0.865922
0.835148
0.959491
0.915323
0.942095
0.866335
0.907154
0.900438
1.00745
0.945942
0.957734
0.881984
0.842467
0.938935
0.925625
0.870743
0.937462
0.946131
1.00611
1.01879
0.94449
1.00462
0.99655
0.877136
0.98922
1.01436
0.974513
0.922478
0.974039
0.965547
1.03467
0.917778
1.01398
0.981639
0.965772
0.971949
1.01085
1.01448
1.04966
0.970175
1.01828
0.986807
0.940517
1.03373
0.983738
0.914887
0.878786
1.01325
0.968895
0.9216
1.01671
1.03074
0.988674
0.888891
0.929208
0.984374
1.05867
0.998328
0.951473
1.04704
0.952389
0.935729
1.01457
1.05021
1.06834
1.0451
1.02061
1.02072
0.956914
0.95994
1.0653
0.986414
0.992117
0.947615
1.02362
0.970977
1.03496
0.952677
1.03467
1.02961
1.00157
0.967043
0.961302
0.962005
1.02743
1.02441
1.02887
0.973905
0.932428
1.02613
1.04917
1.00988
1.0676
0.997295
0.989114
1.02916
1.06599
1.04356
1.00632
1.00781
0.95079
1.04574
1.04714
1.04046
1.00318
1.04073
1.00577
1.06569
0.940848
1.0456
1.00317
1.02121
1.0195
1.00054
1.04166
0.981111
0.977628
0.927849
1.03565
0.950066
1.04115
1.00422
1.06058
0.986334
1.00487
1.0511
1.10518
0.938914
1.05354
0.971619
0.985683
0.971426
1.02571
1.02782
1.05619
0.96781
1.05909
1.01422
0.986279
0.957985
0.946555
1.04755
1.02101
1.02794
1.03685
1.05314
1.02003
1.0326
1.06154
1.05609
1.04165
1.06703
1.04358
1.01725
1.04304
1.04126
1.04713
0.962137
1.04896
0.962585
1.06294
1.02114
0.967368
0.95721
0.974942
1.08379
1.06936
0.958716
1.0579
1.08903
1.08172
0.977134
1.03987
1.06522
1.03553
0.960761
0.980689
1.06538
1.04265
0.992073
0.991729
0.993039
1.09259
1.00364
1.03343
1.01348
1.0541
1.02444
1.00227
1.01678
1.00119
1.01361
1.00052
1.0216
1.03547
0.969426
0.982969
1.02647
0.962481
1.04601
1.03994
1.05302
1.03286
1.0548
1.04321
1.04125
1.04715
1.00679
1.03061
1.07456
1.08409
1.02955
1.07174
1.01826
1.05737
1.08099
1.03101
0.970674
1.04668
1.03421
1.0518
1.00988
1.06695
1.07862
1.03771
0.98947
1.08496
1.06674
1.04852
0.991495
1.04696
0.982838
1.04746
1.03748
1.06548
1.00569
1.05068
1.06803
1.15065
1.05003
0.999706
1.07382
1.00519
1.02932
1.0482
1.05177
0.982283
1.0677
1.01469
0.982961
1.01196
1.03189
1.08015
1.1151
0.991784
0.99696
1.033
1.06617
1.06507
1.0691
1.08311
1.05003
1.11872
0.993581
1.05492
1.04793
0.984387
0.945945
1.0627
1.03827
1.10244
1.03629
1.0538
1.0698
1.01
1.09006
1.12649
1.04708
1.05924
1.03327
1.10827
1.0292
1.038
1.05176
1.02159
1.07808
1.11322
0.976658
1.01564
1.0672
1.06102
1.01821
1.06604
0.974774
1.06919
1.07405
1.01121
0.986826
1.07063
1.03559
1.11903
1.00254
1.07926
1.02673
1.08702
1.15205
1.03609
1.08888
1.04617
1.07729
1.06477
1.05534
1.08527
1.03131
1.05103
1.03221
0.990943
1.00542
1.07864
1.04748
0.968681
1.04692
1.10222
1.05321
1.03163
1.02676
1.01661
1.03137
1.03322
0.956115
0.99233
1.07175
1.07168
1.0435
1.05449
1.09232
1.02561
1.03445
1.00625
1.08195
1.06147
1.06454
1.17371
1.03353
1.138
1.15137
1.03561
1.07992
1.04219
1.05607
1.02018
1.01236
1.02221
1.02206
1.09333
1.12951
1.02978
1.00839
0.995454
1.01448
1.04484
1.10456
1.03709
1.05006
1.08967
1.03813
1.14396
1.05297
1.05269
1.0692
1.09882
1.08332
1.05305
1.04427
1.07193
1.00118
1.08456
0.987969
1.13151
1.09794
1.04225
1.08869
1.03338
0.97409
1.00486
1.05631
1.06763
1.01936
1.07753
1.0677
1.02624
1.04586
1.01742
1.08537
1.08118
1.06524
1.06293
1.07792
1.13784
1.03981
1.07533
1.06346
1.03798
1.0756
1.10945
1.05361
1.08019
1.02899
1.18189
1.03955
1.02847
1.14744
1.11351
1.04703
1.12131
1.07674
1.07028
1.07303
1.09482
1.06664
1.10037
1.04686
1.0836
1.06483
1.05222
1.08955
1.06595
1.1432
1.06701
1.0933
1.06602
1.16981
1.08276
1.09667
1.12094
1.11715
1.05619
1.08653
1.06155
1.04791
1.10186
1.05277
1.04938
1.04362
1.12338
1.0216
1.05743
1.09251
1.08074
1.04985
1.07356
1.00839
1.05669
1.08968
1.09818
1.07604
1.07351
1.07727
1.0856
1.07651
1.1499
1.05607
1.19082
1.09699
1.12921
1.04779
1.08638
1.06555
1.06382
1.09711
1.08528
1.08551
1.06579
1.07432
1.0968
1.05882
1.08984
1.04374
1.07525
1.03439
1.07558
1.0769
1.17233
1.0704
1.06716
1.02947
1.06699
1.11091
1.08103
1.07392
1.05273
1.06257
1.06637
1.06257
1.06462
1.08112
1.19242
1.05928
1.1199
1.10958
1.06603
1.08303
1.07419
1.07551
1.08042
1.11111
1.04588
1.13743
1.10102
1.09756
1.07036
1.0686
1.0606
1.13113
1.08687
1.17317
1.13718
1.18799
1.13738
