0.782335
0.795069
0.805175
0.807814
0.808883
0.810919
0.811287
0.81141
0.814602
0.816122
0.821151
0.837049
0.83814
0.849985
0.850832
0.853713
0.861036
0.862686
0.863205
0.864308
0.865299
0.868694
0.872727
0.874161
0.876095
0.878012
0.878485
0.879697
0.882375
0.883715
0.883766
0.884381
0.884439
0.895079
0.907365
0.910633
0.910684
0.913665
0.917141
0.91736
0.925092
0.928317
0.929922
0.930496
0.931808
0.933056
0.933849
0.935029
0.936575
0.939248
0.939409
0.941343
0.942268
0.942627
0.9431
0.943142
0.943389
0.946437
0.947715
0.948052
0.948096
0.948337
0.948595
0.9504
0.950578
0.950839
0.953161
0.954867
0.955248
0.956144
0.956214
0.956502
0.956746
0.957198
0.958962
0.959198
0.95953
0.960852
0.961368
0.962211
0.962281
0.9623
0.962681
0.9627
0.963125
0.963328
0.963577
0.96373
0.964047
0.965756
0.9658
0.96706
0.967247
0.967775
0.968886
0.968985
0.970614
0.970717
0.970757
0.970927
0.971026
0.971196
0.972279
0.972404
0.97307
0.973683
0.975556
0.976104
0.976498
0.976961
0.977499
0.978525
0.97932
0.980079
0.982676
0.984585
0.985007
0.985282
0.985699
0.986462
0.986564
0.987269
0.987396
0.987566
0.987583
0.987668
0.988474
0.989288
0.989591
0.989771
0.98978
0.992512
0.992607
0.993627
0.993871
0.994556
0.995123
0.995446
0.995458
0.995476
0.995524
0.996924
0.99728
0.998519
0.999436
1.00208
1.00271
1.00302
1.00316
1.00461
1.00508
1.00527
1.00796
1.00807
1.00822
1.00822
1.00862
1.00946
1.00953
1.0107
1.01218
1.01246
1.01333
1.01363
1.01433
1.01446
1.01609
1.01627
1.01786
1.01826
1.01908
1.01939
1.0195
1.01985
1.02018
1.02083
1.02103
1.02176
1.02209
1.0221
1.02334
1.02448
1.0246
1.02484
1.02573
1.02638
1.02665
1.02691
1.0271
1.02735
1.0274
1.02835
1.02954
1.02971
1.03164
1.03259
1.03399
1.03399
1.03439
1.03442
1.03556
1.03656
1.03664
1.03684
1.03747
1.03762
1.03812
1.04015
1.04412
1.04536
1.04684
1.04738
1.04915
1.05069
1.05128
1.05136
1.05237
1.05394
1.05514
1.05617
1.05638
1.05679
1.06057
1.06307
1.06495
1.06567
1.06735
1.07376
1.07388
1.07393
1.07505
1.07533
1.07543
1.07718
1.0782
1.07905
1.07948
1.08066
1.08136
1.08243
1.08329
1.08391
1.08571
1.09242
1.0937
1.0953
1.0982
1.09872
1.10236
1.10436
1.10715
1.10854
1.10865
1.10881
1.11038
1.11169
1.11186
1.11209
1.11217
1.11223
1.11256
1.1155
1.11852
1.12025
1.12139
1.12171
1.1219
1.12374
1.12492
1.13146
1.13316
1.1379
1.13823
1.13876
1.14281
1.14409
1.14465
1.1462
1.14637
1.14763
1.14857
1.14963
1.14988
1.15058
1.15933
1.16227
1.16878
1.17082
1.17171
1.17177
1.17296
1.1738
1.17455
1.17484
1.17596
1.17721
1.17746
1.17872
1.17873
1.17974
1.18137
1.182
1.18247
1.18322
1.18352
1.18545
1.18753
1.18781
1.18868
1.19028
1.19138
1.1926
1.19424
1.19523
1.19604
1.19756
1.19771
1.1983
1.19865
1.19921
1.19964
1.20368
1.20385
1.20431
1.2047
1.20553
1.20986
1.21028
1.21031
1.21057
1.21156
1.2123
1.21268
1.21305
1.21375
1.21379
1.21449
1.21485
1.21554
1.21554
1.21614
1.21632
1.21638
1.21663
1.21722
1.2176
1.22014
1.2207
1.22168
1.22272
1.22274
1.2237
1.22403
1.22411
1.22498
1.22531
1.22665
1.22722
1.22753
1.22787
1.22826
1.22852
1.22875
1.22965
1.22971
1.22991
1.23039
1.23088
1.2315
1.23151
1.23184
1.23191
1.23228
1.2334
1.2337
1.23373
1.23408
1.23413
1.23443
1.23479
1.23492
1.23569
1.23646
1.23708
1.23786
1.23786
1.23803
1.23807
1.23907
1.23907
1.23917
1.23923
1.24001
1.24021
1.24047
1.24114
1.24153
1.24189
1.24234
1.24301
1.24301
1.24363
1.24442
1.24506
1.24575
1.2467
1.24762
1.24781
1.24872
1.2491
1.2507
1.25115
1.25125
1.25132
1.25139
1.25213
1.25242
1.2533
1.25379
1.25445
1.25455
1.25459
1.25587
1.25593
1.25621
1.25693
1.25697
1.25713
1.25753
1.25759
1.25784
1.25813
1.25822
1.25824
1.25832
1.25837
1.25861
1.25924
1.25979
1.25984
1.25986
1.26061
1.26074
1.26155
1.26185
1.26349
1.26461
1.26488
1.26533
1.26591
1.26679
1.26703
1.26772
1.26852
1.26873
1.27006
1.2725
1.2726
1.27277
1.27289
1.27446
1.27469
1.27479
1.2756
1.27568
1.27688
1.27723
1.2774
1.27891
1.2791
1.28012
1.28115
1.28222
1.28242
1.28261
1.28308
1.28315
1.28368
1.28379
1.28428
1.28442
1.2846
1.28525
1.28588
1.28617
1.28625
1.28776
1.29266
1.29288
1.29314
1.2945
1.29462
1.29538
1.29561
1.29603
1.29723
1.29735
1.29776
1.29778
1.29845
1.30019
1.3018
1.30358
1.30744
1.30817
1.3084
1.30848
1.31273
1.31375
1.31464
1.31468
1.31681
1.31896
1.32342
1.32663
1.32774
1.32778
1.33843
1.33931
1.34297
1.34384
1.3454
1.34856
1.35346
1.35817
1.3672
1.36878
1.38653
1.40366
1.45036
