0.763476
0.825489
0.837446
0.964918
0.86706
0.953346
0.950198
0.991442
0.963565
0.879355
0.960252
0.957321
0.937449
0.944646
0.983982
0.911627
1.00947
0.942466
0.932823
0.938403
0.976727
0.943551
0.983851
0.973029
0.954585
0.969421
0.943212
0.938898
0.964552
0.982479
0.916621
1.00234
0.986555
1.00369
0.954105
0.967041
0.958375
0.989004
0.964738
0.970083
0.981386
1.00611
1.01031
0.944457
1.01754
1.01397
0.998576
1.02536
1.00332
1.00028
0.983468
1.05765
0.993419
0.953306
1.04351
1.04053
1.04489
1.01621
1.0554
1.03008
1.01808
1.05271
0.965286
1.04878
0.997858
1.0063
0.984798
1.0196
1.0249
1.00504
0.943699
1.05357
0.958493
1.00973
1.00516
1.01262
1.01236
1.04279
1.01105
1.02758
0.989823
1.01372
1.02343
0.997316
1.06093
1.03218
1.01747
1.0213
1.049
1.017
1.07011
1.00796
1.06282
1.0253
1.02877
1.03212
0.997793
1.01298
1.04392
1.02115
1.03441
1.04397
1.05282
1.02733
1.00912
1.0711
1.02041
1.04575
1.0731
1.06699
1.0306
1.06954
1.05364
1.13327
1.08857
1.0668
1.06982
1.08586
1.06335
1.08296
1.09891
1.08052
1.09767
1.1195
1.09846
1.077
1.1088
1.24123
1.0781
1.1531
1.10233
1.08322
1.14435
1.09085
1.12585
1.23156
1.15279
1.24708
1.16388
1.07612
1.23858
1.25489
1.24041
1.18632
1.15327
1.26186
1.26194
1.20375
1.15329
1.13266
1.26262
1.21714
1.24316
1.26142
1.22538
1.2115
1.21492
1.23229
1.25212
1.23484
1.29143
1.22625
1.20885
1.26526
1.3533
1.18913
1.21155
1.23535
1.26726
1.23309
1.2599
1.23248
1.22509
1.26216
1.26378
1.2471
1.1522
1.23383
1.28131
1.21541
1.27902
1.22498
1.23236
1.21657
1.26365
1.30372
1.2131
1.1855
1.24644
1.24036
1.21252
1.19742
1.30167
1.2567
1.25241
1.18262
1.27295
1.23492
1.27767
1.20666
1.271
1.24098
1.24747
1.20522
1.31506
1.26146
1.31958
1.2481
1.30397
1.25599
1.26686
1.26357
1.25973
1.23018
1.27323
1.24481
1.26082
1.27047
1.25333
1.25251
1.25513
1.26415
1.28662
1.2654
1.27441
1.30077
1.20299
1.28145
1.24569
1.26593
1.27623
1.20617
1.31257
1.307
1.32961
1.2836
1.30142
1.3083
1.26626
1.34104
1.32023
1.25864
1.21651
1.30085
1.35403
1.34367
1.29646
1.33846
1.23813
1.22698
1.31502
1.27996
1.2349
1.2939
1.28071
1.27646
1.26319
1.23753
1.25949
1.27668
1.25376
1.28542
1.30725
1.32939
1.30764
1.27368
1.29106
1.2843
1.25688
1.26452
1.33377
1.29608
1.21686
1.26266
1.2212
1.27692
1.28677
1.36647
1.26499
1.32838
1.2948
1.28279
1.25592
1.29444
1.29166
1.26534
1.29227
1.27448
1.25143
1.24531
1.21587
1.30066
1.31785
1.34925
1.28892
1.19686
1.23953
1.29884
1.28127
1.32677
1.27877
1.29176
1.30854
1.25843
1.28435
1.28336
1.19918
1.35203
1.21989
1.27137
1.28078
1.34626
1.26176
1.30695
1.32006
1.24344
1.30893
1.31859
1.30672
1.32176
1.27312
1.24205
1.24896
1.27632
1.28768
1.33618
1.29223
1.3122
1.24872
1.34419
1.29325
1.33074
1.29069
1.30509
1.32632
1.25475
1.23201
1.31214
1.3123
1.27226
1.27058
1.34224
1.33137
1.27859
1.24434
1.25576
1.35427
1.27447
1.29499
1.33456
1.26178
1.35238
1.34526
1.23011
1.36864
1.2652
1.30946
1.2898
1.3466
1.29928
1.29319
1.31319
1.28149
1.32389
1.24953
1.28031
1.30463
1.34207
1.3142
1.28756
1.31989
1.3305
1.35801
1.27563
1.34949
1.30405
1.34712
1.27301
1.31592
1.30595
1.30121
1.24094
1.31266
1.29628
1.35674
1.31806
1.30021
1.32377
1.27051
1.2741
1.31562
1.29834
1.28035
1.35731
1.2855
1.28175
1.31629
1.28982
1.34759
1.31141
1.32903
1.28874
1.28145
1.39576
1.30295
1.2759
1.33167
1.29135
1.32879
1.34012
1.26839
1.27127
1.30921
1.28364
1.32515
1.27784
1.31553
1.34445
1.3617
1.37298
1.31967
1.32742
1.3148
1.29705
1.30859
1.35983
1.34715
1.31477
1.38616
1.27668
1.34169
1.31606
1.32827
1.34089
1.32574
1.29655
1.31481
1.32977
1.29333
1.3657
1.31407
1.31813
1.36225
1.2718
1.30694
1.29212
1.33056
1.33686
1.31534
1.31237
1.33945
1.32559
1.25911
1.37389
1.30982
1.34392
1.28045
1.38629
1.30518
1.33079
1.26521
1.38601
1.34284
1.28162
1.31692
1.2787
1.26492
1.28798
1.30666
1.35517
1.31632
1.30257
1.37387
1.2945
1.26553
1.33534
1.30518
1.35301
1.37568
1.24267
1.30332
1.38068
1.3871
1.35485
1.30321
1.37155
1.35313
1.28551
1.33014
1.24395
1.33855
1.34702
1.29358
1.30751
1.37301
1.29345
1.3178
1.31164
1.28294
1.35783
1.34934
1.26184
1.38412
1.44529
1.27103
1.3131
1.41883
1.32913
1.32872
1.37367
1.30358
1.3137
1.31917
1.39916
1.31549
1.34939
1.29461
1.34634
1.36034
1.45252
1.34778
1.3535
1.29173
1.38188
1.35675
1.2943
1.35292
1.41464
1.37348
1.4216
1.25613
1.42799
1.35624
1.36985
1.29364
1.26421
1.19671
1.33717
1.30942
1.35939
1.23438
1.34278
1.23887
1.34317
1.37497
1.42511
1.34416
1.33188
1.29368
1.40551
1.37079
1.39239
1.36734
1.37376
1.32864
1.4053
1.32101
1.40159
1.2983
1.29461
1.23298
1.41792
1.41318
1.46569
1.321
1.44528
1.39076
1.45274
1.4211
1.46695
1.37609
1.43832
1.36398
1.41764
1.43418
1.47013
1.40672
1.39972
1.37525
1.22074
1.31942
1.32313
1.35783
1.43127
1.44321
1.25647
1.29939
1.31366
1.28362
1.38933
1.40182
1.27941
1.43064
1.38318
1.2951
1.37188
1.33179
1.41055
1.35824
1.32869
1.45277
1.36304
1.33349
1.32951
1.35502
1.33862
1.33242
1.26427
1.45156
1.36012
1.32119
1.29825
1.47436
1.36639
1.38279
1.33339
1.42331
1.37688
1.37774
1.3123
1.38612
1.39619
1.45862
1.36433
1.38698
1.24789
1.39146
1.38883
1.36653
1.30672
1.38782
1.30266
1.30044
1.26133
1.26054
1.33665
1.36501
1.32466
1.34649
1.33461
1.27078
1.26812
1.25793
1.30612
1.41766
1.28174
1.35258
1.36216
1.3682
1.27258
1.30183
1.28692
1.34782
