0.633077
0.829417
0.747991
0.887206
0.793051
0.874799
0.851277
0.820575
0.847722
0.861442
0.885259
0.850615
0.828308
0.875029
0.800963
0.764851
0.848846
0.877766
0.870756
0.877391
0.926584
0.893842
0.828851
0.925108
0.887447
0.884447
0.991606
0.848025
0.795173
0.854728
0.902266
0.844641
0.914128
0.787307
0.930009
0.911223
0.931964
0.773658
1.0151
0.962448
0.863897
0.920422
0.888203
0.996842
0.938768
0.902787
0.911392
0.830022
0.938734
0.941785
0.92267
0.938776
0.893623
0.917591
0.907035
0.93425
0.957382
0.948134
0.814398
0.975669
0.973525
0.885822
0.956058
0.946935
0.804992
0.915406
0.956541
0.948895
0.996565
0.894662
1.00281
1.00092
0.97835
1.03761
1.06868
0.892603
0.84702
0.920633
1.01154
0.821416
0.968612
0.968167
0.927756
1.01031
1.03267
0.975955
0.846007
0.939352
0.96196
0.98584
0.935413
0.975536
0.957056
1.01549
0.955934
0.976218
1.0322
1.08523
0.940568
0.992083
0.890139
0.922482
1.00029
1.05439
0.895983
0.937983
0.992559
0.822684
1.00284
0.990222
1.08407
0.996266
1.06385
1.06869
1.02376
0.932372
0.997199
1.0548
1.07235
1.13639
1.04769
0.969756
1.07842
1.04164
1.07297
1.05314
1.0059
1.08092
1.04385
1.00602
1.07422
0.908689
1.07647
0.937906
1.02939
1.01457
1.06031
1.06442
1.05986
1.043
1.05094
0.952399
1.02043
1.09953
1.11419
1.04073
1.0263
1.06979
0.985577
1.08475
0.99451
0.998968
0.979267
0.994092
1.11755
0.888336
1.12134
1.08152
1.04999
0.998115
1.02261
1.0793
1.0337
1.00538
1.03815
0.995386
1.07651
1.046
1.06106
1.06791
1.04879
1.03596
1.03271
1.03074
1.09421
1.02348
0.948141
0.954882
1.05807
0.959055
0.973538
1.07753
1.02149
0.969812
1.02477
1.0755
1.06215
1.05942
1.08745
1.12999
1.10451
1.03603
1.13041
0.977686
1.07158
1.04425
1.07258
0.964945
0.975035
1.02653
1.02598
1.03478
1.07936
1.08616
1.06112
1.08707
1.06548
0.999443
1.07066
1.05259
0.964471
1.09611
1.04001
1.03945
1.12533
1.00079
1.12921
1.04734
1.0545
1.02
1.06835
1.06962
1.12033
1.0489
0.962191
0.929914
1.0201
0.985103
1.09155
1.09462
1.08884
1.07715
1.12288
1.06929
0.893512
1.09876
1.00643
1.03346
1.06063
1.1044
1.02662
1.08007
1.08443
1.07685
1.11892
1.07689
1.03238
0.99649
0.945908
1.0068
1.05917
1.06863
1.09738
1.16911
1.05433
1.03594
1.085
1.14426
1.07062
1.05375
1.06574
1.04892
1.12606
1.10544
1.02469
1.05283
1.14158
1.09367
1.0659
1.08658
1.01398
1.02108
1.01152
1.01541
1.01212
1.0211
1.10769
1.15528
1.09433
1.07051
0.994954
1.02843
1.02
1.14351
1.04718
1.03272
1.06364
1.03372
1.07105
0.960803
1.07467
1.08685
1.02074
1.04577
1.0413
1.13322
1.02459
1.0539
1.00138
1.014
1.07797
1.01423
1.01424
1.03952
1.06164
1.03104
1.03515
1.02905
1.09443
1.0822
1.05273
1.06377
1.1025
1.00585
1.05548
1.03201
1.09626
1.05641
1.04218
1.02626
1.00981
1.01084
1.1029
1.08432
1.06259
1.08632
1.07486
1.09952
1.12868
1.08581
1.04035
1.01357
1.09973
1.08432
1.12158
1.04591
1.03737
1.15788
1.09844
1.03734
1.03378
1.06876
1.06745
1.0112
1.01486
1.0036
1.07168
1.0442
1.04858
1.05671
1.0301
1.02155
0.997808
1.02606
0.9652
1.0303
1.07568
0.993454
1.08311
1.01858
1.1091
1.00047
1
1.1368
1.0033
1.08015
1.09294
1.03079
0.98047
1.03998
0.982451
1.08751
1.06323
1.03881
1.07396
1.03921
1.00758
1.01982
1.0885
1.02817
1.07246
1.0651
1.1561
1.03575
0.983342
1.06681
1.03573
0.994202
1.05444
1.05206
1.00822
0.999347
1.04942
1.02876
1.06791
1.02077
1.00624
1.03865
1.01919
0.981354
1.09482
1.0174
1.03723
1.01706
1.14115
1.02077
1.02467
1.07528
0.992657
1.13859
1.06053
1.0582
1.06168
1.13268
1.07243
1.03034
1.01228
1.12036
0.99052
1.06604
1.01859
1.12681
1.0643
1.19217
0.99279
1.1344
1.03688
0.986248
1.04668
1.13756
1.04546
1.00119
1.01551
1.06149
1.04996
1.03955
1.14355
1.04094
1.03054
1.07514
1.04817
1.0292
1.02192
1.02314
1.0879
0.976811
1.03524
1.10013
1.0168
1.05528
1.03491
1.03797
1.04735
1.03396
1.12343
1.08636
1.09239
1.1394
1.02923
1.04539
1.06828
1.06864
1.0377
1.02665
1.03826
1.07983
1.05458
1.08455
1.01191
1.06753
1.12047
1.04199
1.0725
1.0453
1.10199
1.08161
1.09628
1.04794
1.06557
1.0813
1.06087
1.00749
1.05714
1.07208
1.03399
1.07276
1.06764
1.04169
1.07972
1.07245
1.06165
1.05366
1.04005
1.09526
1.09309
1.076
1.04229
1.01364
1.03065
1.04488
1.12403
1.02573
1.04643
1.07959
1.04419
1.04332
1.11925
0.999501
1.05134
1.04649
1.06443
1.01829
1.11366
1.07562
1.14533
1.02409
1.06817
1.03906
1.09407
1.08743
1.05303
1.04543
1.08444
1.09011
1.03792
