0.640829
0.65755
0.614009
0.661473
0.684978
0.744368
0.753017
0.702852
0.75877
0.77394
0.812612
0.77155
0.783692
0.880748
0.820022
0.809916
0.791278
0.891916
0.860514
0.841796
0.86749
0.902506
0.913562
0.903455
0.921843
0.991974
0.925978
0.933429
0.835755
0.834212
0.870788
0.941489
0.935952
0.941819
0.950478
0.934802
0.991897
0.941017
0.874463
0.963918
1.00899
0.903301
0.906955
0.952195
0.942258
0.83384
1.005
0.881821
0.920696
0.923853
0.966271
0.864376
0.87888
0.883519
0.920783
0.949734
0.945061
0.981423
0.932235
0.991974
0.966234
0.894429
0.964635
0.928512
0.942053
0.997859
0.893013
0.938375
0.981006
0.998904
0.903635
0.859533
0.987957
0.907678
0.904536
0.956539
0.875725
0.936273
0.942929
0.94564
0.983336
0.934811
0.895147
0.875245
0.938177
0.932726
1.00761
0.879821
0.939569
0.930473
0.960914
0.882472
0.922586
0.938861
0.953981
0.907364
0.953534
1.02955
0.895301
0.928995
0.983798
0.996613
0.904939
0.841057
1.00375
0.990396
0.995394
0.980942
0.943027
0.983248
0.9901
0.920637
1.04364
0.949481
0.942261
0.935261
0.962981
0.911464
0.961555
0.929974
1.01747
0.992981
0.98761
0.911827
0.913938
0.94747
0.988346
0.916785
0.961591
0.908204
0.887564
0.926918
0.948855
0.998157
0.976371
0.978621
0.943568
0.918559
0.944937
0.95693
0.991974
0.944791
1.01613
0.948198
1.01529
0.940676
0.917428
0.928135
0.980591
0.9999
0.891038
0.920253
0.931992
1.01399
0.968599
0.992979
0.985166
0.955508
0.99448
0.946006
0.948502
0.95446
0.983305
1.0147
0.980804
0.932923
1.01101
1.00051
0.905697
0.928587
0.944689
0.903192
0.931075
0.906059
0.981767
0.974906
0.971684
0.974019
0.942582
0.940849
1.00352
1.00527
0.927942
0.936279
0.977222
0.96501
0.856487
0.935968
1.02989
0.995336
0.88954
0.944067
0.98391
0.92513
0.945856
0.981654
0.88737
0.8644
0.911166
0.963295
0.971535
0.947713
1.01965
0.916246
0.966672
0.981208
0.967773
0.979503
0.945682
0.983203
0.904047
0.91327
1.0247
0.902525
0.89005
0.976287
1.00242
0.912679
0.922117
1.03302
0.973947
0.988361
0.961005
0.99731
0.966648
0.944768
0.979455
1.01517
0.958677
0.974638
0.995841
0.940289
1.00446
0.986935
0.946335
0.944467
0.976606
1.02208
1.00402
0.963052
0.932916
0.990602
0.937675
0.991541
0.932241
0.99412
0.959293
0.970155
0.957149
0.971394
0.931532
0.926268
0.88425
0.902178
0.941108
0.919917
1.00493
0.976162
1.00677
0.897015
1.00077
1.00193
1.03517
0.964728
1.0067
0.979418
0.964058
0.961204
0.997509
0.924459
1.01265
1.04313
0.946554
0.965849
0.949362
0.942015
0.957124
1.02102
0.909205
1.00108
0.949118
0.907105
0.927246
1.03013
0.958623
1.00362
0.935861
0.990063
1.03425
0.907384
0.963558
0.990636
0.943367
1.01771
0.982447
0.915749
0.950565
0.947036
0.973312
0.952841
0.969872
0.92442
0.951814
1.01482
0.958347
0.940892
0.974974
0.969893
1.04614
0.890739
0.986833
1.00143
0.961125
1.08014
0.935279
0.961637
0.951139
0.946256
1.06964
0.930865
0.936397
0.934763
0.98229
0.914033
0.928691
0.970993
1.00157
0.895515
0.9794
1.00828
0.938263
1.00941
0.943612
0.985151
0.945057
0.951708
0.916823
0.925955
0.97115
1.02689
0.949501
0.96536
0.944064
0.975293
0.978527
1.01619
0.976072
0.923977
0.978319
0.97326
0.968138
0.970687
0.911769
0.972
1.00036
0.983536
0.957414
0.959593
0.914225
0.973807
0.925588
0.960364
0.990858
0.944006
0.939853
0.920061
0.974073
0.938372
0.953748
0.970286
0.995601
0.989231
0.959705
1.00038
0.993743
0.999622
0.931891
0.981112
0.966713
0.963093
0.937145
0.963651
0.969303
0.955559
1.00172
0.90991
0.9304
0.961212
0.949491
0.958985
0.982137
0.956655
1.00957
0.980936
0.960322
0.981298
1.01415
0.988147
0.989964
0.9331
0.952262
0.987954
0.966958
0.959264
0.94123
0.964726
0.982316
0.963706
0.986735
0.99727
1.00403
0.942698
0.984887
1.00939
0.974717
0.971445
1.01092
0.958053
0.956284
0.948332
1.00409
0.98325
0.976935
0.977118
1.01084
0.98489
0.991268
0.949724
1.05246
0.948995
0.967003
1.02432
0.978991
0.98098
0.955245
0.99572
0.985992
0.973388
0.996746
1.01112
1.02554
0.986121
0.994303
0.99856
0.971634
0.979581
1.04111
1.00753
0.961776
0.96095
0.985143
1.04431
0.991386
0.982316
1.01646
1.03534
1.01889
1.06633
0.983667
1.01662
0.989644
1.03206
1.02415
1.03811
1.00567
1.02793
1.00337
1.01702
0.958338
1.02117
1.04225
1.02984
0.988401
0.977382
1.05123
1.01298
1.05168
1.03896
0.963391
1.0109
1.03704
0.98669
1.0257
1.00846
1.02225
0.990311
0.988478
1.0206
1.01133
1.00495
1.01145
1.03897
1.01493
