0.755685
0.772261
0.806394
0.811207
0.826614
0.836103
0.849229
0.852594
0.865277
0.86562
0.867035
0.879155
0.884007
0.88735
0.888894
0.893457
0.899149
0.900841
0.902039
0.902417
0.904016
0.905795
0.905897
0.908083
0.910752
0.910822
0.912677
0.917012
0.919143
0.919238
0.921666
0.922082
0.923241
0.923495
0.923742
0.925279
0.926378
0.926931
0.928962
0.929364
0.930757
0.93099
0.931172
0.931452
0.931886
0.932762
0.932876
0.933066
0.935705
0.936893
0.938029
0.938688
0.939789
0.940691
0.941258
0.941287
0.94134
0.941662
0.941978
0.943227
0.943511
0.943543
0.943902
0.944079
0.944295
0.944473
0.944552
0.9447
0.94492
0.945023
0.945542
0.947525
0.947637
0.947712
0.947781
0.947909
0.949775
0.950069
0.950939
0.950992
0.951688
0.95178
0.95242
0.952715
0.95289
0.953111
0.953477
0.953566
0.954127
0.954248
0.954287
0.954307
0.954624
0.954975
0.954987
0.955106
0.955285
0.955627
0.95604
0.956875
0.956893
0.956907
0.956944
0.957115
0.95816
0.958221
0.958487
0.958693
0.95916
0.959608
0.959812
0.960047
0.960828
0.960909
0.961029
0.961437
0.961683
0.961782
0.961927
0.962569
0.962984
0.963361
0.963532
0.963576
0.963833
0.964317
0.964487
0.964528
0.964542
0.965117
0.965134
0.965439
0.965776
0.966089
0.966222
0.966576
0.967227
0.967231
0.967268
0.967832
0.96785
0.967861
0.968177
0.968313
0.968428
0.968459
0.969099
0.969262
0.96932
0.969387
0.969741
0.970486
0.970601
0.970723
0.970988
0.971013
0.97115
0.971226
0.971227
0.971458
0.971805
0.971873
0.971909
0.972028
0.972337
0.972455
0.972742
0.973267
0.97376
0.973766
0.974115
0.974176
0.974287
0.974556
0.974924
0.975192
0.976142
0.976226
0.976408
0.976503
0.976681
0.976802
0.976916
0.976944
0.976967
0.977118
0.977173
0.977315
0.977491
0.977872
0.978059
0.978347
0.978496
0.978544
0.978619
0.978697
0.97874
0.97884
0.978936
0.979046
0.9793
0.979559
0.979604
0.980436
0.980547
0.980624
0.980855
0.980954
0.980983
0.981239
0.98126
0.981382
0.981642
0.981723
0.98292
0.983323
0.983416
0.983573
0.984013
0.984068
0.984177
0.984405
0.984414
0.984524
0.984585
0.984643
0.984692
0.9849
0.98498
0.985025
0.985219
0.985234
0.985281
0.985599
0.985752
0.986048
0.986099
0.986145
0.986289
0.986303
0.986536
0.986829
0.986829
0.987088
0.987107
0.987408
0.987463
0.987484
0.987555
0.987703
0.987717
0.987941
0.987985
0.988162
0.988331
0.988353
0.988813
0.98884
0.988911
0.989038
0.989193
0.989235
0.989284
0.989452
0.989567
0.989631
0.989759
0.990206
0.99049
0.990515
0.990519
0.990623
0.99066
0.990664
0.99154
0.991622
0.99165
0.991881
0.99232
0.99241
0.992514
0.992528
0.992566
0.992663
0.99278
0.993137
0.993277
0.993372
0.993837
0.993912
0.994063
0.994073
0.994132
0.994194
0.994373
0.994444
0.994629
0.994979
0.994994
0.995002
0.995186
0.995303
0.995409
0.995966
0.996247
0.996399
0.996419
0.996519
0.997052
0.997079
0.997095
0.997189
0.997524
0.997623
0.997692
0.997724
0.997756
0.997765
0.998273
0.998372
0.998797
0.999261
0.999412
0.999442
0.999868
1.00029
1.00098
1.00106
1.00172
1.00179
1.00197
1.00231
1.00263
1.0027
1.00277
1.00279
1.00302
1.00307
1.0032
1.00364
1.00378
1.00384
1.00398
1.00401
1.00404
1.00491
1.00548
1.00573
1.00584
1.00588
1.00589
1.0059
1.00594
1.00616
1.00628
1.00743
1.00746
1.00763
1.00785
1.00791
1.00805
1.00808
1.00818
1.00823
1.00826
1.00856
1.00897
1.00903
1.00913
1.00942
1.00954
1.00974
1.01009
1.01019
1.01021
1.01028
1.01046
1.011
1.01114
1.01142
1.01161
1.01164
1.01191
1.01212
1.01339
1.01422
1.01423
1.01431
1.01451
1.01618
1.01632
1.01632
1.01646
1.01678
1.01683
1.01685
1.01766
1.01769
1.01777
1.01828
1.01841
1.01903
1.01907
1.01913
1.01928
1.01972
1.01988
1.02006
1.02009
1.02015
1.02027
1.02066
1.02088
1.02141
1.02156
1.02248
1.02275
1.02281
1.02332
1.02337
1.02381
1.02394
1.02492
1.02532
1.02659
1.02663
1.02802
1.02869
1.02884
1.02889
1.02923
1.02947
1.02965
1.03004
1.0306
1.03082
1.03187
1.03245
1.03286
1.03332
1.03376
1.03399
1.03405
1.03407
1.03504
1.0355
1.03556
1.03603
1.03657
1.03673
1.03674
1.03708
1.03773
1.03814
1.03834
1.03849
1.03915
1.03965
1.04114
1.04124
1.04142
1.04212
1.04212
1.04263
1.04392
1.04398
1.04493
1.0455
1.04623
1.04699
1.04734
1.04741
1.04822
1.04942
1.05
1.05095
1.05231
1.05291
1.05397
1.05687
1.0574
1.06018
1.06044
1.06255
1.06471
1.06896
1.07306
1.09019
1.09831
1.10226
1.11005
1.16375
1.2214
