0.940529
0.959167
0.998999
1.00482
0.989039
1.08692
1.09405
1.14773
0.73078
0.86299
1.02141
0.992478
1.02578
1.06417
1.00404
1.1062
0.935826
0.973756
0.942205
0.973502
1.03016
1.02074
1.03881
0.991762
0.96178
0.877284
1.01182
1.0087
1.07762
1.04998
1.05507
1.0162
0.937056
0.982499
1.01458
1.01959
1.07452
0.998968
1.05207
1.05179
0.950246
0.946109
1.04159
1.13473
0.979577
0.84956
0.998969
0.975431
1.02895
1.14471
1.11842
1.12788
1.11161
1.17332
1.18755
0.864176
1.1519
1.12884
1.12532
1.07819
1.12537
1.19334
1.2218
1.10542
1.06394
1.0935
1.12601
1.10519
1.17345
1.17991
1.22368
1.08612
1.08535
1.13826
1.09612
1.05553
1.15233
1.14941
1.19795
1.03834
0.970586
1.12526
1.13486
1.12736
1.01069
1.22671
1.16085
1.08386
1.10785
1.12227
1.05691
1.09176
1.24028
1.12872
1.13206
1.07417
1.07553
1.10147
1.06133
1.16338
1.15235
1.18951
1.20188
0.999065
1.07826
1.12001
1.11632
1.17726
1.1585
1.11915
1.21851
1.12281
1.11871
1.09366
1.16544
1.14495
1.18911
1.17835
1.2274
1.01325
1.0865
1.16104
1.13295
1.14288
1.12144
1.17429
1.09878
1.09274
1.19445
0.763003
0.784771
0.785238
0.79364
0.795687
0.805328
0.805822
0.814145
0.814354
0.820475
0.822264
0.826834
0.828171
0.834035
0.835587
0.837091
0.838411
0.849004
0.853103
0.855495
0.85687
0.857602
0.861156
0.862761
0.864062
0.881843
0.885802
0.886163
0.886325
0.887568
0.889852
0.890446
0.896109
0.896458
0.897191
0.897499
0.898895
0.899096
0.899304
0.900061
0.900226
0.903119
0.90525
0.906285
0.906937
0.9122
0.914935
0.916353
0.917141
0.919599
0.920691
0.921826
0.922401
0.92292
0.9252
0.926376
0.927547
0.927688
0.928635
0.929618
0.929641
0.930367
0.93052
0.930806
0.930807
0.934091
0.936982
0.937945
0.938328
0.938632
0.93918
0.939189
0.939862
0.940255
0.941297
0.94176
0.942316
0.943017
0.943167
0.943212
0.944034
0.944136
0.944472
0.945022
0.945849
0.946356
0.946542
0.946596
0.947623
0.948918
0.949794
0.950303
0.950499
0.950564
0.950909
0.951886
0.953129
0.953431
0.95362
0.955051
0.955092
0.955631
0.955644
0.956233
0.956663
0.956869
0.957123
0.957466
0.959066
0.959111
0.959193
0.959243
0.960585
0.960666
0.961265
0.961276
0.961325
0.962002
0.962352
0.962651
0.962793
0.964284
0.964427
0.964479
0.964787
0.964799
0.965038
0.965041
0.965844
0.966026
0.966455
0.966715
0.96694
0.967001
0.967804
0.968678
0.968769
0.968888
0.969163
0.969901
0.970221
0.970446
0.970726
0.970799
0.971087
0.971355
0.971364
0.971554
0.971761
0.972234
0.97237
0.972444
0.972503
0.972677
0.973216
0.973349
0.973425
0.973554
0.974096
0.975368
0.975485
0.975917
0.976423
0.976667
0.976765
0.976813
0.976835
0.976976
0.977002
0.977125
0.977375
0.978052
0.978368
0.978781
0.978899
0.979721
0.979872
0.980593
0.980656
0.980805
0.980896
0.981476
0.981489
0.981551
0.981671
0.982349
0.982367
0.982497
0.982558
0.982599
0.982714
0.982732
0.983593
0.98366
0.983748
0.984315
0.984368
0.984425
0.984607
0.984737
0.984746
0.984923
0.98505
0.985116
0.985156
0.985363
0.985397
0.985551
0.985601
0.985649
0.985708
0.985752
0.986273
0.986497
0.986927
0.986929
0.987068
0.987366
0.987696
0.987745
0.988334
0.988574
0.988699
0.989214
0.989329
0.989515
0.989955
0.990155
0.990383
0.990865
0.990883
0.99109
0.991138
0.991243
0.991543
0.991591
0.992142
0.992347
0.992512
0.99273
0.993028
0.993121
0.993125
0.993235
0.993454
0.993566
0.993678
0.993915
0.993962
0.994159
0.994184
0.994332
0.99434
0.994501
0.994532
0.994585
0.995021
0.995617
0.995637
0.995845
0.996002
0.996003
0.996213
0.996262
0.996651
0.996731
0.99679
0.996823
0.996897
0.996963
0.99746
0.997701
0.998206
0.998697
0.998895
0.999067
0.999527
0.999928
1.00026
1.00048
1.00053
1.00055
1.00078
1.00082
1.00098
1.0011
1.00113
1.00148
1.00195
1.00207
1.00218
1.00236
1.00242
1.00268
1.00272
1.00274
1.00284
1.00352
1.0043
1.00451
1.00482
1.00488
1.00494
1.00509
1.00517
1.00518
1.00558
1.00602
1.00606
1.00612
1.00639
1.0064
1.00691
1.0072
1.00726
1.00755
1.00769
1.0081
1.00827
1.00851
1.00861
1.00863
1.00866
1.00874
1.00913
1.00925
1.00928
1.0093
1.00966
1.00967
1.01001
1.0101
1.01031
1.01045
1.01073
1.01083
1.01109
1.01137
1.01199
1.01248
1.0125
1.01296
1.01307
1.0131
1.01321
1.01368
1.01382
1.01403
1.01474
1.01489
1.01512
1.01532
1.01559
1.01566
1.0157
1.01573
1.01577
1.01611
1.01616
1.0163
1.01654
1.01692
1.01717
1.01721
1.01729
1.01755
1.01771
1.01774
1.01812
1.01826
1.01839
1.01847
1.01855
1.0192
1.01921
1.01952
1.01981
1.02009
1.02049
1.02073
1.02075
1.02108
1.02114
1.02134
1.02142
1.02175
1.022
1.02215
1.02228
1.0226
1.02261
1.02271
1.02277
1.02285
1.02328
1.02344
1.02349
1.02387
1.02393
1.02441
1.0246
1.02472
1.02475
1.02516
1.02556
1.0261
1.02613
1.02634
1.0268
1.02717
1.02733
1.02743
1.02773
1.02799
1.02832
1.02863
1.02886
1.02899
1.02918
1.0301
1.03027
1.03053
1.03127
1.03213
1.03232
1.03246
1.03258
1.03303
1.0336
1.03404
1.03429
1.03435
1.03439
1.03519
1.0352
1.03593
1.03689
1.03696
1.03718
1.03739
1.03778
1.03782
1.03795
1.03812
1.03816
1.03859
1.03888
1.03902
1.03972
1.03976
1.0401
1.04016
1.0405
1.04091
1.04093
1.04129
1.04139
1.04286
1.04327
1.0434
1.04386
1.04437
1.04503
1.04509
1.04662
1.04698
1.04728
1.04729
1.04737
1.04742
1.04774
1.04786
1.04852
1.04873
1.04879
1.04994
1.05001
1.05042
1.05074
1.05084
1.05098
1.05288
1.05358
1.05547
1.05587
1.05593
1.0585
1.05869
1.06038
1.06065
1.06092
1.06237
1.06238
1.06304
1.06508
1.0656
1.06624
1.06742
1.06778
1.0693
1.06993
1.07072
1.07131
1.07497
1.07595
1.07671
1.0779
1.08007
1.08242
1.08299
1.08313
1.0861
1.08735
1.09049
1.10126
1.11012
1.11587
1.11972
1.12218
1.12471
1.12615
1.13103
1.13199
1.13663
1.15507
1.16479
1.18822
1.19083
1.21026
1.24258
