0.983823
1.13088
1.17345
0.938365
1.14208
0.870055
0.742054
0.728554
1.0338
0.845932
1.15775
1.20114
1.05726
1.04324
1.11495
0.862234
0.858419
0.743208
0.877225
1.10286
0.726909
1.07448
0.969925
1.06865
1.05632
1.03922
1.15276
1.0564
1.17958
1.01246
1.15357
1.00484
1.19861
1.18918
0.738522
1.07707
1.13083
0.778742
1.0567
1.18837
1.08383
1.05638
1.09937
1.123
1.19686
1.09283
1.03112
0.605736
0.782544
0.701184
1.21939
1.0979
1.11609
0.783415
1.08073
1.20192
1.18655
1.11288
1.05922
1.22922
1.08522
1.10689
1.04533
1.05849
0.701675
0.812575
0.825258
1.19617
1.10526
0.938741
1.18546
1.08807
1.19368
1.07883
1.20702
1.15801
0.895066
1.12384
1.15199
1.1071
1.05676
1.13388
1.16518
1.05873
1.15751
1.05857
0.8359
0.912248
1.05916
1.10366
1.13734
1.10074
1.1582
1.10653
1.15847
0.998176
1.08908
1.07114
1.00092
1.13253
1.15333
0.920648
0.982195
0.90972
1.02622
1.06367
1.08308
1.03249
1.20676
0.972664
1.02311
1.09221
1.03184
1.01998
1.16942
1.06745
1.07029
1.0805
0.996144
0.945461
0.943764
1.06737
1.03952
1.11568
1.16875
1.01627
0.956497
1.12287
1.1603
0.626322
0.67433
0.677414
0.688997
0.739549
0.698503
0.778523
0.733264
0.763163
0.760161
0.787028
0.74991
0.777329
0.762647
0.775472
0.777717
0.780833
0.774547
0.820097
0.82199
0.844881
0.815551
0.816757
0.855867
0.827591
0.875321
0.839727
0.834444
0.830603
0.833837
0.876435
0.838666
0.863817
0.832075
0.809945
0.864382
0.87179
0.868179
0.854186
0.839915
0.883908
0.88465
0.873847
0.839249
0.902942
0.890749
0.876787
0.899331
0.855733
0.858395
0.927155
0.881384
0.893542
0.86312
0.87209
0.881748
0.857531
0.804816
0.902727
0.917226
0.944024
0.968004
0.915182
0.984371
0.906357
0.911879
0.932449
0.954011
0.882642
0.897677
0.882487
0.889829
0.931011
0.939396
0.924525
1.00056
0.892582
0.88667
0.953901
1.01527
0.967483
0.908253
0.942458
0.895753
0.906771
1.00863
0.927711
0.913805
0.879602
0.940919
0.966435
1.00247
0.983602
0.942133
0.974551
1.01067
0.991303
0.823347
0.823138
0.934747
0.911691
0.917594
0.963427
0.9862
0.91809
0.971445
0.966437
0.998939
0.968079
0.875233
0.950473
1.00931
0.95811
0.98609
1.00487
0.999466
1.00166
1.00433
1.01008
0.984447
0.924538
0.97943
1.01745
1.0171
0.985354
1.01657
0.994043
1.00466
0.956189
0.994549
0.995402
0.990179
0.96174
0.916571
1.0066
0.983278
1.02022
0.985095
0.998999
0.939942
1.03607
0.990521
0.998085
1.01819
0.993314
1.0275
1.03991
1.00615
0.981059
0.990316
1.03248
0.9802
1.05713
1.01413
0.988358
1.04808
1.00914
0.959584
0.997546
1.03936
0.982449
1.02615
1.06475
1.08231
1.02671
0.970581
0.998239
0.982087
0.93794
1.04285
0.879866
1.02697
1.04405
0.991878
0.955324
1.0179
1.0397
1.00346
1.03072
1.01058
1.0366
0.96697
0.914453
1.00185
1.02667
1.05631
0.997488
0.97779
0.977274
0.999795
1.02131
0.965741
1.07034
0.972293
1.05518
1.03423
0.980679
1.07387
1.03448
1.00846
1.02051
1.0742
0.989237
1.00323
1.04811
0.999182
1.00024
1.01687
1.01035
1.06536
1.05291
1.00115
0.983267
1.05873
1.06215
1.07279
1.04399
1.02365
0.991479
1.03849
0.999804
0.96121
1.02267
0.988856
0.997298
1.01276
1.00952
0.970534
0.947601
1.0256
1.02259
1.00192
1.03296
0.958577
0.907567
1.05622
1.06632
0.926138
1.01327
1.06254
1.04071
1.00944
1.01963
1.02254
1.04023
1.03226
1.04811
0.985184
1.12525
1.07809
1.08431
0.9942
1.03003
0.981128
1.07851
1.02101
1.02232
1.04019
1.05786
1.07816
1.08363
0.975839
0.975937
1.01215
1.07592
0.879786
0.941762
1.03677
1.07363
1.06787
0.993659
1.04198
1.08513
1.00085
0.946041
1.04785
1.01467
0.975633
1.05691
1.04862
1.01578
0.939921
1.07491
0.946334
1.08988
1.0421
1.01004
1.04166
1.1063
1.091
1.04994
0.973124
1.0434
1.08879
1.03956
1.0752
1.03509
1.09069
0.949793
0.91518
1.0355
0.995632
1.05949
1.00664
1.03318
0.930485
1.07927
1.03386
1.07138
1.04154
0.963299
0.947793
0.974742
0.999321
1.04554
0.975324
0.954326
1.05218
1.02691
1.04411
1.0455
1.07792
1.04501
0.953181
1.01662
1.06663
1.0583
1.07041
1.09049
1.02371
1.03302
1.00779
1.05151
1.0379
1.04976
1.06064
1.04796
0.970673
1.0571
1.01292
1.04795
1.0942
0.990583
1.00652
1.02658
1.13871
0.977013
1.11857
0.963622
0.970784
1.06913
0.996575
1.0748
1.0515
1.04305
0.990462
1.02318
1.05837
1.04535
1.00746
1.09828
1.07287
1.04189
1.07204
1.00005
1.12081
1.0628
1.08973
1.06048
1.06065
0.95064
1.00659
1.02739
1.01199
1.0351
1.04134
1.03512
1.04095
1.05881
1.04882
0.948718
1.08812
1.05887
1.01807
0.977444
1.09557
1.06079
1.03708
1.06529
1.0354
1.01368
0.984443
1.01411
0.971245
1.05761
1.08819
0.989365
1.06271
1.07001
0.972372
1.06447
0.987607
1.08658
1.00943
1.00777
0.950138
0.99218
1.02089
1.03639
0.974032
0.99334
0.955589
1.02243
1.09553
1.05059
0.973354
1.03295
1.0301
0.977997
1.00317
1.09461
0.965146
1.00522
1.06078
0.979614
1.08311
1.02198
1.14036
1.03407
0.997188
1.03586
0.966426
0.992271
1.00249
1.03718
1.1077
1.06356
1.07179
1.03085
1.07451
0.998035
1.07263
1.03019
0.98713
1.11554
1.04992
1.01045
1.108
1.07546
1.0329
1.02876
1.05274
1.00581
0.955586
0.977822
1.10256
0.992581
0.996436
0.973097
1.05229
0.990318
1.01243
0.972464
0.969586
0.97699
1.06132
0.992389
1.03704
1.00892
1.08952
1.02549
1.08577
1.08506
1.08579
1.06513
1.01718
1.088
1.08364
0.983368
1.0438
0.962934
1.03263
0.979945
0.988559
0.989874
0.993626
1.03675
1.08053
0.991628
1.03649
0.990255
0.976759
1.04383
1.04302
1.05206
1.06958
0.988529
1.02079
1.04517
1.05634
1.01868
1.03225
1.01497
1.00122
0.998248
1.03727
1.02136
1.02293
0.980465
1.09965
1.10833
1.03496
1.02737
1.08456
1.10515
1.08908
1.0006
1.09358
0.995766
0.968724
1.05381
1.087
1.15034
1.02163
1.01239
1.07041
1.03945
1.03049
1.04755
1.07305
1.1129
1.10127
1.05205
1.06761
1.07361
