0.9707
1.04886
1.14745
1.19805
1.10971
1.23802
0.750655
0.796318
0.834311
0.895083
1.00336
1.00934
1.01328
1.01664
1.1267
0.917845
0.844138
0.880941
0.934501
0.967634
1.12264
1.13422
1.20032
0.839272
1.03418
1.04747
1.13904
1.14253
1.15577
1.1818
1.1192
1.26531
1.03605
1.05951
1.09726
1.0987
1.10677
1.15128
1.19384
1.23391
1.00371
1.08496
1.08949
1.09157
1.11013
1.1142
1.15035
1.25351
1.09191
0.951048
1.02491
1.0421
1.05094
1.09502
1.14905
1.09972
0.983819
1.00967
1.05293
1.09735
1.12765
1.15371
1.15483
1.25625
1.02487
1.05986
1.06291
1.12261
1.15269
1.1539
1.22811
1.3082
1.11503
1.05847
1.22851
1.03745
1.17443
1.04408
1.08773
1.14124
1.01433
1.04035
1.07303
1.07508
1.09354
1.22052
1.28955
1.10231
1.07064
1.18516
1.02541
1.32128
1.14728
1.07011
1.09658
1.13868
1.1423
1.29768
1.11249
1.07616
1.04009
1.15301
1.20796
1.16072
0.958625
1.10973
1.11548
1.29922
1.10098
1.08802
1.06028
1.14966
1.20527
1.09109
1.01105
1.10198
1.20784
1.12075
1.05433
0.890725
1.23045
1.13819
1.04012
1.09996
1.18304
1.16293
1.0573
1.1566
1.17839
0.64203
0.813316
0.848104
0.800839
0.877071
0.887161
0.90145
0.930638
0.878752
0.888375
0.926673
0.90758
0.923235
0.903633
0.925457
0.991574
0.909546
0.901868
0.914479
0.915001
0.912388
0.977877
0.936132
0.910311
0.959028
0.896016
0.939693
0.943026
0.959735
0.980479
0.903627
0.937673
0.939301
0.945495
0.929723
0.979901
0.93716
0.954078
0.941224
0.959395
0.93468
0.929498
1.01663
0.986311
0.952064
0.947365
0.932611
0.915395
0.979332
0.942912
0.908218
0.930534
0.877931
0.980992
0.948781
1.00089
0.914633
0.943655
0.977247
0.943185
0.95512
0.975494
0.973349
0.923717
0.951529
0.950851
0.954684
0.924207
0.989816
0.974289
0.975621
0.94979
0.987894
0.93868
0.879375
0.975332
0.983783
0.986527
0.964445
0.944955
0.978564
0.936405
1.01376
0.988534
0.986221
1.00566
0.976083
0.993033
0.944524
0.974046
0.97798
0.973483
0.992629
0.981327
1.00035
0.924064
0.963381
0.952072
0.950516
1.00091
0.948388
0.962273
0.9752
0.920932
0.953682
0.978167
0.979841
0.952146
1.01213
0.979702
0.954267
0.988413
1.01952
0.953265
0.997984
0.930387
0.980539
0.973824
0.998955
0.975419
1.00577
0.964535
0.988066
1.00751
0.949048
0.972177
1.01645
0.974199
0.974883
0.988872
1.02306
0.972759
0.960397
1.00414
1.02296
0.991492
0.976593
0.94979
0.969916
0.994093
0.973254
0.987403
0.999975
0.977007
0.981724
0.99586
1.01393
1.00065
0.982957
0.978055
0.98015
0.970202
0.979166
0.924706
0.981909
0.968245
0.955588
0.996047
1.0223
0.959208
0.964561
0.987104
0.984055
1.01594
0.965107
0.960866
0.999246
1.00059
1.00067
0.963274
0.991102
0.942761
0.999863
0.943923
1.00292
0.992609
0.990121
0.984614
0.89507
0.994438
0.940111
0.996258
0.985492
1.03918
0.984404
1.05315
1.02429
1.00597
0.994583
0.966676
0.991825
0.92645
0.919151
1.00682
0.984636
0.967158
1.00844
1.04145
0.975459
1.01134
0.975065
0.980495
0.990067
0.994328
0.979899
0.959764
1.01444
0.981803
0.981954
1.02188
0.901492
0.994009
0.985166
0.974883
0.995898
1.01904
1.0174
1.02557
0.990287
0.993782
1.00225
0.980302
1.00075
1.01597
0.979433
0.980111
0.934309
0.991256
0.967272
1.02436
1.01465
0.966799
1.00544
0.99073
1.01337
1.00366
1.00939
1.02037
1.03153
0.987991
0.942288
0.987485
0.989347
0.984852
0.989788
1.01329
0.97623
1.02118
0.995385
1.01107
0.988019
0.992477
1.0101
1.01157
1.02516
0.972277
1.00001
1.03446
0.989771
0.977745
1.03141
1.0022
1.00444
1.01444
1.00686
1.00175
1.03515
0.995217
0.960119
1.01422
0.984349
1.00231
1.05351
1.02654
1.02963
0.986561
0.959939
1.00939
1.04048
0.962646
1.0241
1.02779
1.03271
0.98921
0.991368
1.04113
1.01001
0.994893
1.03193
1.03461
1.03228
1.0284
1.00163
1.04069
1.01747
0.993715
1.03342
0.989225
0.994542
1.02269
1.02854
0.978704
1.03489
0.879071
0.987949
1.02535
0.994504
0.990244
0.98591
0.947949
1.00394
1.03161
0.885635
1.00362
1.02064
0.993701
0.980381
1.06872
1.02583
1.03306
1.00344
1.03026
1.04915
1.01647
1.0238
1.01781
1.00172
1.02708
1.03092
1.00108
1.01861
1.03531
1.01515
1.02256
1.00998
1.03199
1.07316
0.994648
1.03244
1.00089
1.00227
1.04542
1.04091
1.01905
0.992981
1.01086
0.988669
1.00871
0.999197
1.00866
1.00784
1.0095
1.03242
0.951927
0.964056
1.03382
1.04508
1.02262
1.04488
1.00756
1.02202
1.0321
1.01706
1.02299
1.03741
1.05891
1.02884
1.03071
1.02102
1.00188
0.970235
1.00667
1.02843
0.9846
1.0175
0.93339
1.00078
1.02675
0.990088
0.984704
0.996856
1.02114
1.04427
1.06242
1.02877
1.00478
1.02386
1.01872
1.05945
1.01034
1.0752
1.055
0.95399
1.02561
1.04503
1.00745
1.0307
1.02983
1.04228
1.01556
1.02703
1.00665
1.01597
1.03353
0.982646
1.00313
1.04558
1.00005
1.04179
0.996809
1.05677
1.00512
1.00846
1.00957
1.00511
1.04428
0.996171
1.04258
1.0015
1.01664
0.999289
1.02027
1.02593
0.988372
1.04597
1.00593
0.993984
1.02086
1.00059
1.06645
1.05106
1.03512
0.979124
1.03506
1.04209
1.00823
1.04148
1.07435
1.01963
1.02231
1.03814
1.0109
1.02883
1.01233
1.05117
0.991337
1.03023
1.02262
1.03268
1.03289
1.05377
1.01411
1.01176
1.02339
1.01212
1.04181
1.0161
1.00659
1.0237
1.00754
1.01002
1.03751
1.0613
1.06319
0.988555
1.02664
1.02457
1.05329
0.998236
1.03832
1.00232
1.02187
1.06281
1.056
1.02227
1.02946
1.04387
1.06197
1.08901
1.03655
1.01733
1.04521
1.08822
1.05591
1.03392
1.04426
1.01168
1.02135
1.07954
1.04443
1.04203
1.07581
1.07219
