0.724778
0.777298
0.876359
0.856667
0.837252
0.81738
0.922424
0.962264
0.844268
0.968848
0.850889
0.942314
0.910313
0.997217
1.00308
0.933286
1.02257
0.945817
1.06737
0.970501
0.976635
1.01118
0.923229
0.974762
1.06937
1.04129
1.03358
0.90966
0.954505
1.00693
0.947867
1.01899
1.02238
0.984361
0.979523
0.97097
0.991933
0.953328
1.03817
1.03654
0.970092
1.08307
0.967017
1.08488
1.06699
0.98232
1.03199
1.01702
0.939434
1.00533
1.00304
0.907966
1.0398
1.08342
1.07898
1.07733
1.08046
1.0603
0.98642
0.997969
1.09236
1.04988
1.01304
0.987222
1.08502
0.993809
1.11718
0.960811
1.0859
1.04907
0.997104
1.10811
1.11309
1.0915
1.10089
1.07721
1.09381
1.11498
1.06056
1.01234
1.11557
1.09847
1.12039
1.03922
1.09165
1.0088
0.996602
1.05704
1.02465
1.06187
1.06139
1.03196
1.09097
1.13122
1.108
0.969014
1.00764
1.0103
1.00352
1.00794
1.04539
1.14163
1.10778
1.13536
0.999021
1.02895
1.11778
1.03906
1.04677
0.983525
1.21693
1.05251
1.03589
1.05491
0.909374
1.00907
0.953086
0.957505
1.06142
1.0961
1.12938
1.03596
0.908547
0.90239
0.883675
0.858133
0.848497
0.905527
0.70116
0.740644
0.745476
0.767156
0.768277
0.771176
0.775496
0.776075
0.778189
0.79234
0.795935
0.815563
0.8158
0.82264
0.822833
0.823502
0.823908
0.823991
0.8248
0.828099
0.82833
0.832992
0.83395
0.836034
0.836125
0.839647
0.841805
0.842264
0.846109
0.846297
0.847783
0.851215
0.851808
0.852271
0.853728
0.85395
0.854263
0.857835
0.85857
0.859126
0.860209
0.862484
0.862774
0.86313
0.863253
0.864826
0.865489
0.866433
0.870295
0.873317
0.87355
0.874737
0.87503
0.87518
0.875188
0.875725
0.875986
0.876229
0.876243
0.877478
0.878607
0.878967
0.879008
0.880516
0.880707
0.880956
0.881199
0.881267
0.881332
0.882607
0.883633
0.883862
0.884399
0.884611
0.885205
0.885224
0.885472
0.888998
0.889136
0.88976
0.890466
0.891071
0.891339
0.891569
0.892634
0.893448
0.893625
0.893973
0.894264
0.894835
0.895014
0.895044
0.895074
0.896572
0.89768
0.898351
0.898406
0.898595
0.898941
0.900173
0.900635
0.901771
0.902135
0.902241
0.902322
0.902327
0.902474
0.903443
0.903465
0.90406
0.904141
0.905335
0.90758
0.90767
0.907749
0.907839
0.908033
0.908134
0.909348
0.909624
0.909999
0.910384
0.910524
0.910623
0.910655
0.911413
0.911762
0.912161
0.912796
0.913142
0.913206
0.913386
0.91346
0.913977
0.914569
0.91504
0.915628
0.916446
0.916473
0.917587
0.917926
0.918418
0.918423
0.918512
0.918578
0.919224
0.919377
0.919923
0.920258
0.92034
0.920674
0.9211
0.921145
0.921317
0.921501
0.921511
0.921892
0.921897
0.922114
0.922405
0.922943
0.924066
0.92408
0.924168
0.924761
0.924936
0.925044
0.926102
0.926212
0.926387
0.927456
0.927701
0.928459
0.928665
0.928823
0.929252
0.929313
0.929726
0.929729
0.930227
0.930331
0.930402
0.930447
0.930639
0.931548
0.932106
0.932896
0.932919
0.933021
0.933074
0.933661
0.933721
0.934357
0.934402
0.935123
0.935834
0.936363
0.936718
0.937362
0.937381
0.937382
0.937413
0.937976
0.938463
0.939164
0.939347
0.939642
0.939956
0.940161
0.940179
0.940626
0.941013
0.941745
0.941968
0.941992
0.942181
0.942651
0.943535
0.944154
0.944727
0.945077
0.945189
0.945213
0.945237
0.945862
0.946188
0.946418
0.946558
0.94657
0.947121
0.947156
0.947445
0.947522
0.948479
0.948491
0.949072
0.949266
0.949517
0.949596
0.949807
0.949972
0.950779
0.951219
0.951461
0.952412
0.952486
0.952682
0.952734
0.952919
0.952948
0.953036
0.953127
0.953222
0.95326
0.953769
0.954487
0.954626
0.954743
0.95529
0.955297
0.955316
0.955611
0.956511
0.956619
0.956829
0.956883
0.957256
0.957669
0.957783
0.958555
0.958845
0.959177
0.959518
0.95961
0.959924
0.960372
0.960523
0.961066
0.961163
0.961517
0.962261
0.962374
0.962393
0.962525
0.962706
0.963502
0.963628
0.963792
0.963815
0.964007
0.964277
0.964705
0.964907
0.96491
0.964978
0.965
0.965135
0.965631
0.96592
0.966161
0.966267
0.967262
0.967392
0.967497
0.967837
0.968169
0.968267
0.968425
0.968447
0.968768
0.969765
0.969914
0.970118
0.97073
0.970773
0.971207
0.971426
0.971434
0.971604
0.972198
0.972501
0.972566
0.973069
0.973123
0.973692
0.973783
0.97558
0.976271
0.976824
0.976833
0.976889
0.977132
0.977508
0.977622
0.977692
0.977751
0.978406
0.978598
0.978847
0.979214
0.980081
0.980162
0.980241
0.980387
0.980652
0.980689
0.980695
0.980762
0.980927
0.981545
0.981672
0.98187
0.982285
0.983481
0.983489
0.98415
0.984846
0.985119
0.985317
0.985564
0.986457
0.986894
0.987032
0.987162
0.987546
0.987881
0.987991
0.988435
0.989762
0.989978
0.990472
0.990766
0.990889
0.990907
0.990971
0.991188
0.991479
0.991809
0.99182
0.991843
0.992566
0.993342
0.993488
0.994097
0.994468
0.995139
0.995689
0.996302
0.996927
0.99718
0.997372
0.997408
0.998456
0.998563
0.998743
0.998819
0.99886
0.999374
0.999913
1.00074
1.00082
1.00118
1.00152
1.00168
1.0017
1.00199
1.00205
1.00208
1.00208
1.00212
1.00397
1.00485
1.00513
1.00517
1.00685
1.007
1.00714
1.00755
1.00764
1.00775
1.00798
1.00911
1.00927
1.00942
1.0095
1.00972
1.01049
1.01054
1.01189
1.01215
1.0126
1.01291
1.01346
1.01361
1.01367
1.01485
1.01487
1.01516
1.01582
1.01651
1.01745
1.01758
1.01864
1.01899
1.01907
1.01974
1.0198
1.02075
1.02145
1.02219
1.02227
1.02252
1.02252
1.02285
1.02382
1.02387
1.02464
1.02539
1.02591
1.0264
1.02642
1.02749
1.02769
1.028
1.02806
1.02832
1.0308
1.03181
1.03309
1.0336
1.03364
1.03385
1.0344
1.03633
1.03707
1.04012
1.04122
1.04225
1.04379
1.04682
1.0481
1.05081
1.05097
1.05201
1.05265
1.05316
1.05363
1.05587
1.05651
1.05679
1.06834
1.08367
1.09658
