0.940529
0.959167
0.998999
1.00482
0.989039
1.08692
1.09405
1.14773
0.73078
0.86299
1.02141
0.992478
1.02578
1.06417
1.00404
1.1062
0.935826
0.973756
0.942205
0.973502
1.03016
1.02074
1.03881
0.991762
0.96178
0.877284
1.01182
1.0087
1.07762
1.04998
1.05507
1.0162
0.937056
0.982499
1.01458
1.01959
1.07452
0.998968
1.05207
1.05179
0.950246
0.946109
1.04159
1.13473
0.979577
0.84956
0.998969
0.975431
1.02895
1.14471
1.11842
1.12788
1.11161
1.17332
1.18755
0.864176
1.1519
1.12884
1.12532
1.07819
1.12537
1.19334
1.2218
1.10542
1.06394
1.0935
1.12601
1.10519
1.17345
1.17991
1.22368
1.08612
1.08535
1.13826
1.09612
1.05553
1.15233
1.14941
1.19795
1.03834
0.970586
1.12526
1.13486
1.12736
1.01069
1.22671
1.16085
1.08386
1.10785
1.12227
1.05691
1.09176
1.24028
1.12872
1.13206
1.07417
1.07553
1.10147
1.06133
1.16338
1.15235
1.18951
1.20188
0.999065
1.07826
1.12001
1.11632
1.17726
1.1585
1.11915
1.21851
1.12281
1.11871
1.09366
1.16544
1.14495
1.18911
1.17835
1.2274
1.01325
1.0865
1.16104
1.13295
1.14288
1.12144
1.17429
1.09878
1.09274
1.19445
0.763003
0.784771
0.785238
0.79364
0.795687
0.805328
0.805822
0.814145
0.814354
0.820475
0.822264
0.826834
0.828171
0.834035
0.835587
0.837091
0.838411
0.849004
0.853103
0.855495
0.85687
0.857602
0.861156
0.862761
0.864062
0.881843
0.885802
0.886163
0.886325
0.887568
0.889852
0.890446
0.896109
0.896458
0.897191
0.897499
0.898895
0.899096
0.899304
0.900061
0.900226
0.903119
0.90525
0.906285
0.906937
0.9122
0.914935
0.916353
0.917141
0.919599
0.920691
0.921826
0.922401
0.92292
0.9252
0.926376
0.927547
0.927688
0.928635
0.929618
0.929641
0.930367
0.93052
0.930806
0.930807
0.934091
0.936982
0.937945
0.938328
0.938632
0.93918
0.939189
0.939862
0.940255
0.941297
0.94176
0.942316
0.943017
0.943167
0.943212
0.944034
0.944136
0.944472
0.945022
0.945849
0.946356
0.946542
0.946596
0.947623
0.948918
0.949794
0.950303
0.950499
0.950564
0.950909
0.951886
0.953129
0.953431
0.95362
0.955051
0.955092
0.955631
0.955644
0.956233
0.956663
0.956869
0.957123
0.957466
0.959066
0.959111
0.959193
0.959243
0.960585
0.960666
0.961265
0.961276
0.961325
0.962002
0.962352
0.962651
0.962793
0.964284
0.964427
0.964479
0.964787
0.964799
0.965038
0.965041
0.965844
0.966026
0.966455
0.966715
0.96694
0.967001
0.967804
0.968678
0.968769
0.968888
0.969163
0.969901
0.970221
0.970446
0.970726
0.970799
0.971087
0.971355
0.971364
0.971554
0.971761
0.972234
0.97237
0.972444
0.972503
0.972677
0.973216
0.973349
0.973425
0.973554
0.974096
0.975368
0.975485
0.975917
0.976423
0.976667
0.976765
0.976813
0.976835
0.976976
0.977002
0.977125
0.977375
0.978052
0.978368
0.978781
0.978899
0.979721
0.979872
0.980593
0.980656
0.980805
0.980896
0.981476
0.981489
0.981551
0.981671
0.982349
0.982367
0.982497
0.982558
0.982599
0.982714
0.982732
0.983593
0.98366
0.983748
0.984315
0.984368
0.984425
0.984607
0.984737
0.984746
0.984923
0.98505
0.985116
0.985156
0.985363
0.985397
0.985551
0.985601
0.985649
0.985708
0.985752
0.986273
0.986497
0.986927
0.986929
0.987068
0.987366
0.987696
0.987745
0.988334
0.988574
0.988699
0.989214
0.989329
0.989515
0.989955
0.990155
0.990383
0.990865
0.990883
0.99109
0.991138
0.991243
0.991543
0.991591
0.992142
0.992347
0.992512
0.99273
0.993028
0.993121
0.993125
0.993235
0.993454
0.993566
0.993678
0.993915
0.993962
0.994159
0.994184
0.994332
0.99434
0.994501
0.994532
0.994585
0.995021
0.995617
0.995637
0.995845
0.996002
0.996003
0.996213
0.996262
0.996651
0.996731
0.99679
0.996823
0.996897
0.996963
0.99746
0.997701
0.998206
0.998697
0.998895
0.999067
0.999527
0.999928
1.00026
1.00048
1.00053
1.00055
1.00078
1.00082
1.00098
1.0011
1.00113
1.00148
1.00195
1.00207
1.00218
1.00236
1.00242
1.00268
1.00272
1.00274
1.00284
1.00352
1.0043
1.00451
1.00482
1.00488
1.00494
1.00509
1.00517
1.00518
1.00558
1.00602
1.00606
1.00612
1.00639
1.0064
1.00691
1.0072
1.00726
1.00755
1.00769
1.0081
1.00827
1.00851
1.00861
1.00863
1.00866
1.00874
1.00913
1.00925
1.00928
1.0093
1.00966
1.00967
1.01001
1.0101
1.01031
1.01045
1.01073
1.01083
1.01109
1.01137
1.01199
1.01248
1.0125
1.01296
1.01307
1.0131
1.01321
1.01368
1.01382
1.01403
1.01474
1.01489
1.01512
1.01532
1.01559
1.01566
1.0157
1.01573
1.01577
1.01611
1.01616
1.0163
1.01654
1.01692
1.01717
1.01721
1.01729
1.01755
1.01771
1.01774
1.01812
1.01826
1.01839
1.01847
1.01855
1.0192
1.01921
1.01952
1.01981
1.02009
1.02049
1.02073
1.02075
1.02108
1.02114
1.02134
1.02142
1.02175
1.022
1.02215
1.02228
1.0226
1.02261
1.02271
1.02277
1.02285
1.02328
1.02344
1.02349
1.02387
1.02393
1.02441
1.0246
1.02472
1.02475
1.02516
1.02556
1.0261
1.02613
1.02634
1.0268
1.02717
1.02733
1.02743
1.02773
1.02799
1.02832
1.02863
1.02886
1.02899
1.02918
1.0301
1.03027
1.03053
1.03127
1.03213
1.03232
1.03246
1.03258
1.03303
1.0336
1.03404
1.03429
1.03435
1.03439
1.03519
1.0352
1.03593
1.03689
1.03696
1.03718
1.03739
1.03778
1.03782
1.03795
1.03812
1.03816
1.03859
1.03888
1.03902
1.03972
1.03976
1.0401
1.04016
1.0405
1.04091
1.04093
1.04129
1.04139
1.04286
1.04327
1.0434
1.04386
1.04437
1.04503
1.04509
1.04662
1.04698
1.04728
1.04729
1.04737
1.04742
1.04774
1.04786
1.04852
1.04873
1.04879
1.04994
1.05001
1.05042
1.05074
1.05084
1.05098
1.05288
1.05358
1.05547
1.05587
1.05593
1.0585
1.05869
1.06038
1.06065
1.06092
1.06237
1.06238
1.06304
1.06508
1.0656
1.06624
1.06742
1.06778
1.0693
1.06993
1.07072
1.07131
1.07497
1.07595
1.07671
1.0779
1.08007
1.08242
1.08299
1.08313
1.0861
1.08735
1.09049
1.10126
1.11012
1.11587
1.11972
1.12218
1.12471
1.12615
1.13103
1.13199
1.13663
1.15507
1.16479
1.18822
1.19083
1.21026
1.24258
0.867803
0.896091
0.904489
0.988415
1.01909
1.00679
1.0683
0.974679
0.825573
0.813679
0.985018
1.03137
1.02736
1.1253
1.06698
1.04894
0.863994
0.848959
0.872259
0.904539
0.865775
1.05246
1.09878
1.07766
1.0034
0.9584
1.01337
1.01551
1.07324
1.01623
1.22208
1.16701
0.999911
1.00243
0.966046
1.01646
1.0334
1.04541
1.13062
1.05427
0.800293
0.815378
1.09704
1.02643
1.05975
1.06952
1.0401
1.13937
0.93472
1.14301
1.00235
1.09094
1.13912
1.14835
1.1306
1.21126
1.14569
1.21119
1.25808
1.14198
1.18216
1.1383
1.19595
1.16049
1.13654
1.14657
1.13367
1.14018
1.20546
1.1481
1.21258
1.08377
1.14708
1.19416
1.18032
1.13771
1.15761
1.22929
1.14694
1.19794
1.21723
1.18409
1.27402
1.14045
1.21384
1.1758
1.15821
1.17012
1.22831
1.16697
1.16163
1.16644
1.07496
1.11879
1.21205
1.19211
1.17557
1.24628
1.15597
1.14581
0.843306
1.11382
1.09344
1.20764
1.18464
1.16308
1.23307
1.13589
1.06885
1.0959
1.121
1.14074
1.14548
1.20197
1.20305
1.22439
1.0907
1.12665
1.13466
1.13533
1.14312
1.18008
1.19514
1.20327
1.09791
1.08209
1.15271
1.13615
1.07705
0.74356
0.804597
0.820157
0.910316
0.895377
0.873923
0.835403
0.847621
0.796733
0.842175
0.82434
0.865922
0.835148
0.959491
0.915323
0.942095
0.866335
0.907154
0.900438
1.00745
0.945942
0.957734
0.881984
0.842467
0.938935
0.925625
0.870743
0.937462
0.946131
1.00611
1.01879
0.94449
1.00462
0.99655
0.877136
0.98922
1.01436
0.974513
0.922478
0.974039
0.965547
1.03467
0.917778
1.01398
0.981639
0.965772
0.971949
1.01085
1.01448
1.04966
0.970175
1.01828
0.986807
0.940517
1.03373
0.983738
0.914887
0.878786
1.01325
0.968895
0.9216
1.01671
1.03074
0.988674
0.888891
0.929208
0.984374
1.05867
0.998328
0.951473
1.04704
0.952389
0.935729
1.01457
1.05021
1.06834
1.0451
1.02061
1.02072
0.956914
0.95994
1.0653
0.986414
0.992117
0.947615
1.02362
0.970977
1.03496
0.952677
1.03467
1.02961
1.00157
0.967043
0.961302
0.962005
1.02743
1.02441
1.02887
0.973905
0.932428
1.02613
1.04917
1.00988
1.0676
0.997295
0.989114
1.02916
1.06599
1.04356
1.00632
1.00781
0.95079
1.04574
1.04714
1.04046
1.00318
1.04073
1.00577
1.06569
0.940848
1.0456
1.00317
1.02121
1.0195
1.00054
1.04166
0.981111
0.977628
0.927849
1.03565
0.950066
1.04115
1.00422
1.06058
0.986334
1.00487
1.0511
1.10518
0.938914
1.05354
0.971619
0.985683
0.971426
1.02571
1.02782
1.05619
0.96781
1.05909
1.01422
0.986279
0.957985
0.946555
1.04755
1.02101
1.02794
1.03685
1.05314
1.02003
1.0326
1.06154
1.05609
1.04165
1.06703
1.04358
1.01725
1.04304
1.04126
1.04713
0.962137
1.04896
0.962585
1.06294
1.02114
0.967368
0.95721
0.974942
1.08379
1.06936
0.958716
1.0579
1.08903
1.08172
0.977134
1.03987
1.06522
1.03553
0.960761
0.980689
1.06538
1.04265
0.992073
0.991729
0.993039
1.09259
1.00364
1.03343
1.01348
1.0541
1.02444
1.00227
1.01678
1.00119
1.01361
1.00052
1.0216
1.03547
0.969426
0.982969
1.02647
0.962481
1.04601
1.03994
1.05302
1.03286
1.0548
1.04321
1.04125
1.04715
1.00679
1.03061
1.07456
1.08409
1.02955
1.07174
1.01826
1.05737
1.08099
1.03101
0.970674
1.04668
1.03421
1.0518
1.00988
1.06695
1.07862
1.03771
0.98947
1.08496
1.06674
1.04852
0.991495
1.04696
0.982838
1.04746
1.03748
1.06548
1.00569
1.05068
1.06803
1.15065
1.05003
0.999706
1.07382
1.00519
1.02932
1.0482
1.05177
0.982283
1.0677
1.01469
0.982961
1.01196
1.03189
1.08015
1.1151
0.991784
0.99696
1.033
1.06617
1.06507
1.0691
1.08311
1.05003
1.11872
0.993581
1.05492
1.04793
0.984387
0.945945
1.0627
1.03827
1.10244
1.03629
1.0538
1.0698
1.01
1.09006
1.12649
1.04708
1.05924
1.03327
1.10827
1.0292
1.038
1.05176
1.02159
1.07808
1.11322
0.976658
1.01564
1.0672
1.06102
1.01821
1.06604
0.974774
1.06919
1.07405
1.01121
0.986826
1.07063
1.03559
1.11903
1.00254
1.07926
1.02673
1.08702
1.15205
1.03609
1.08888
1.04617
1.07729
1.06477
1.05534
1.08527
1.03131
1.05103
1.03221
0.990943
1.00542
1.07864
1.04748
0.968681
1.04692
1.10222
1.05321
1.03163
1.02676
1.01661
1.03137
1.03322
0.956115
0.99233
1.07175
1.07168
1.0435
1.05449
1.09232
1.02561
1.03445
1.00625
1.08195
1.06147
1.06454
1.17371
1.03353
1.138
1.15137
1.03561
1.07992
1.04219
1.05607
1.02018
1.01236
1.02221
1.02206
1.09333
1.12951
1.02978
1.00839
0.995454
1.01448
1.04484
1.10456
1.03709
1.05006
1.08967
1.03813
1.14396
1.05297
1.05269
1.0692
1.09882
1.08332
1.05305
1.04427
1.07193
1.00118
1.08456
0.987969
1.13151
1.09794
1.04225
1.08869
1.03338
0.97409
1.00486
1.05631
1.06763
1.01936
1.07753
1.0677
1.02624
1.04586
1.01742
1.08537
1.08118
1.06524
1.06293
1.07792
1.13784
1.03981
1.07533
1.06346
1.03798
1.0756
1.10945
1.05361
1.08019
1.02899
1.18189
1.03955
1.02847
1.14744
1.11351
1.04703
1.12131
1.07674
1.07028
1.07303
1.09482
1.06664
1.10037
1.04686
1.0836
1.06483
1.05222
1.08955
1.06595
1.1432
1.06701
1.0933
1.06602
1.16981
1.08276
1.09667
1.12094
1.11715
1.05619
1.08653
1.06155
1.04791
1.10186
1.05277
1.04938
1.04362
1.12338
1.0216
1.05743
1.09251
1.08074
1.04985
1.07356
1.00839
1.05669
1.08968
1.09818
1.07604
1.07351
1.07727
1.0856
1.07651
1.1499
1.05607
1.19082
1.09699
1.12921
1.04779
1.08638
1.06555
1.06382
1.09711
1.08528
1.08551
1.06579
1.07432
1.0968
1.05882
1.08984
1.04374
1.07525
1.03439
1.07558
1.0769
1.17233
1.0704
1.06716
1.02947
1.06699
1.11091
1.08103
1.07392
1.05273
1.06257
1.06637
1.06257
1.06462
1.08112
1.19242
1.05928
1.1199
1.10958
1.06603
1.08303
1.07419
1.07551
1.08042
1.11111
1.04588
1.13743
1.10102
1.09756
1.07036
1.0686
1.0606
1.13113
1.08687
1.17317
1.13718
1.18799
1.13738
0.865562
0.970636
0.976952
1.029809
1.097774
1.103880
1.104658
1.110375
1.122851
1.126642
1.126677
1.171339
1.171769
1.175812
1.177289
1.181098
1.190027
1.190747
1.194449
1.199279
1.206610
1.211165
1.223408
1.226565
1.232145
1.234832
1.237218
1.242207
1.244557
1.254450
1.256764
1.259463
1.260029
1.261849
1.266271
1.271694
1.274911
1.276201
1.281997
1.285214
1.285600
1.292565
1.295457
1.315521
1.319449
1.327933
1.342369
1.367422
1.15443
1.15929
1.19245
1.23931
1.21589
1.20683
1.25346
1.20749
1.23213
1.21621
1.24588
1.25336
1.26374
1.20555
1.29091
1.27518
1.28335
1.2397
1.26882
1.24328
1.22757
1.23917
1.25409
1.28293
1.28166
1.26995
1.27993
1.29684
1.21511
1.29919
1.30499
1.23155
1.20521
1.23977
1.30226
1.29522
1.25468
1.25379
1.26937
1.16973
1.29013
1.30258
1.18191
1.22011
1.17408
1.23657
1.2645
1.20102
1.35688
1.2048
1.30987
1.17728
1.25688
1.28157
1.26773
1.30763
1.30672
1.33629
1.34179
1.31269
1.23153
1.22974
1.22257
1.18165
1.31513
1.33103
1.3217
1.31565
1.29722
1.38742
1.21777
1.233
1.24827
1.24866
1.27014
1.26688
1.31729
1.27088
1.16363
0.872985
0.741197
0.708449
0.743032
0.724971
0.740553
0.742968
0.768217
0.797906
0.805688
0.734329
0.799509
0.765688
0.762909
0.758598
0.790448
0.844753
0.845525
0.808365
0.813487
0.850904
0.810226
0.786783
0.89107
0.746729
0.857257
0.820225
0.812081
0.846904
0.885094
0.828959
0.945665
0.725257
0.845921
0.87496
0.851202
0.851901
0.898329
0.868714
0.838202
0.859103
0.889522
0.888924
0.790984
0.896673
0.893963
0.854456
0.761683
0.865402
0.937501
0.896914
0.89119
0.940557
0.909222
0.941261
0.750352
0.82298
0.883317
0.984109
0.982714
0.897551
0.945186
0.937521
0.931132
0.943246
0.920132
0.945659
0.903432
0.934261
0.940844
0.915531
0.947291
0.922994
0.793411
0.985182
0.862347
0.906211
0.941851
0.933987
0.953069
0.898312
0.932477
0.885054
0.93991
0.871657
0.951
0.868403
0.948829
0.785957
0.952114
0.993302
0.936561
0.954435
0.921961
0.824119
0.864655
0.98653
0.963262
0.833652
0.924892
0.894457
0.845986
0.961027
0.984575
0.93016
0.850428
0.982714
0.940787
0.963204
1.0095
1.00122
0.923465
0.924761
1.02359
1.01042
0.981942
0.795991
0.996448
0.943091
0.866312
0.806355
0.968064
0.898847
1.01286
0.954816
0.950768
0.973714
0.812167
0.961724
0.980869
0.985548
1.01392
0.975281
1.00815
0.916285
0.989492
0.967957
0.981119
0.999759
0.955125
0.90138
0.944539
0.882773
0.953327
0.969822
1.02556
1.02103
0.955437
1.00811
1.02523
0.97357
1.00667
0.964564
0.958428
0.974657
1.04635
1.00737
1.00899
0.939807
0.842512
0.982109
0.990519
1.01619
1.05349
0.979718
0.965234
0.933439
1.04846
1.00668
1.01705
0.976915
0.994543
0.988907
0.999774
0.984316
0.956815
1.01802
1.02451
1.00784
0.979967
1.01023
1.03833
1.00353
0.971245
1.03768
0.962491
1.00331
0.964206
1.02119
1.02305
1.0666
0.975584
1.02202
1.03733
1.03917
0.94349
0.919374
0.980894
1.00639
1.0131
1.02172
1.01852
0.99745
0.945751
0.996989
0.989404
1.02564
1.01901
0.807813
1.07522
0.960577
0.996509
0.928048
1.05088
1.0224
0.939758
1.04258
0.982659
0.978948
0.973805
0.980755
1.03656
1.01083
1.05441
0.999407
1.01038
1.00208
0.974862
1.00965
0.978955
1.00782
1.05661
1.00479
0.996068
0.942758
0.95371
1.02305
1.02919
1.03167
0.986792
1.0068
0.909595
0.971364
0.984798
1.02053
1.02739
0.853387
0.915921
1.05313
0.972327
1.02502
0.94374
1.06798
0.989696
0.989332
1.03166
0.967924
0.955675
1.04055
0.985984
1.00436
0.949602
0.890034
1.04437
0.973132
0.999589
1.01628
0.961809
1.02415
1.02524
1.00081
1.03071
0.987862
0.988408
0.977334
1.031
1.04024
0.964262
1.02745
0.969792
0.996715
0.985487
1.0222
0.998129
1.00802
1.04216
0.94597
1.00956
0.994269
1.00264
0.971159
1.02412
1.0265
1.05034
0.977427
1.05388
1.02584
0.910086
1.0474
1.00459
1.0291
1.00416
0.978037
1.02212
1.03604
0.971832
0.970376
1.03003
1.04765
0.982892
1.02255
1.02227
1.02783
1.02032
1.0311
1.02751
1.03011
1.02555
1.01749
1.01975
1.01734
0.993665
1.07037
1.03779
1.0245
0.963171
0.984591
1.02303
1.03781
1.00958
1.0759
1.00101
1.07343
1.00498
1.03286
1.05297
1.0505
0.907679
1.00919
0.967713
1.08089
1.05729
1.04283
1.05894
0.974398
1.00937
1.10658
1.06943
1.00949
1.01137
1.01132
0.945602
0.986831
0.937035
1.04375
0.980606
1.02383
1.00918
0.999523
1.05505
1.03227
0.990692
1.04735
1.05097
1.00156
1.051
1.02445
1.02005
1.05058
1.10646
1.08159
1.05708
0.98506
0.993543
1.0572
1.01984
1.06362
0.993302
1.01811
1.01788
1.01271
1.06487
1.00543
1.05427
1.04824
1.00916
1.03402
1.00829
1.0214
1.09454
1.05099
1.01063
0.966535
0.984186
1.01409
0.976901
0.994325
0.974851
0.956258
0.90389
1.04491
1.03139
1.03443
0.995996
1.02323
1.0448
0.983811
1.08281
1.02473
1.05901
0.983165
1.03718
1.02796
0.949987
1.10942
1.05836
1.11235
1.04365
0.995357
1.03067
1.00385
1.00939
0.991073
0.969825
1.06238
0.932509
1.04735
1.02095
1.00479
0.997965
1.01162
0.980436
0.983524
1.00789
1.05078
0.961058
1.05945
1.00234
1.07547
1.01931
1.04783
1.08375
1.0222
1.03827
0.997561
1.01975
1.10722
1.05396
1.06337
1.00718
1.0743
1.11659
1.01141
1.07572
1.00554
1.02346
1.03527
1.00919
1.0455
0.977172
1.03121
1.02048
1.06734
1.01469
1.08615
1.04515
1.09281
1.04291
1.0658
1.01734
1.07169
1.0736
1.00309
0.998894
0.965239
1.02405
1.10509
1.08514
1.06718
1.02148
1.07041
1.06643
1.00221
1.07942
1.04272
1.03961
1.06531
1.12155
1.06296
1.07678
1.0405
1.06884
1.10767
1.0829
1.03996
1.05206
1.01104
0.93867
0.994824
1.07277
1.01551
1.0638
1.04
1.04784
1.05028
0.989777
1.06641
0.988588
1.17636
1.09201
1.07439
1.03717
1.05705
1.02853
1.04129
1.11137
1.07702
1.03334
1.03663
1.03065
1.06939
1.07965
1.0813
1.07104
1.03931
1.06185
1.05002
1.02004
1.01709
1.02764
1.03987
1.03446
1.16464
1.08291
1.11786
1.09579
1.01153
1.06936
1.06643
1.07087
1.116792
1.230144
1.173246
1.233868
1.379351
1.310990
1.224770
1.240423
1.159005
1.078732
1.173610
1.208020
1.155792
1.154920
1.210370
1.252269
1.192928
1.015096
1.040352
1.061024
1.230446
1.214407
1.223987
1.464619
1.331403
1.148743
1.261126
1.201139
1.271670
1.211647
1.334500
1.222625
0.979829
1.248702
1.201635
1.208430
1.320763
1.305664
1.264524
1.24674
1.37315
1.39816
1.3957
1.5304
1.23186
1.21934
1.24877
1.22285
1.50848
1.24441
1.26954
1.40148
1.19854
1.2717
1.20228
1.29745
1.22268
1.30298
1.20324
1.2546
1.16057
1.23056
1.16935
1.28617
1.40384
1.30425
1.23428
1.2364
1.12869
1.21768
1.25884
1.29661
1.31964
1.33382
1.35753
1.14179
1.18115
1.22728
1.23451
1.31213
1.33308
1.36025
1.38259
1.12312
1.18666
1.27856
1.23637
1.22464
1.34481
1.11063
1.17028
1.23413
1.30789
1.42756
1.24039
1.17522
1.23359
1.3291
1.34171
1.45935
1.25555
1.34546
1.28548
1.2565
1.43536
1.34325
1.27539
1.35052
1.25553
1.27801
1.25675
1.29896
1.20437
1.28818
1.19235
1.20571
1.44198
1.33446
1.34273
1.34757
1.29299
1.1534
1.15967
1.26355
1.18605
1.33336
1.33566
1.34917
1.1747
0.782335
0.795069
0.805175
0.807814
0.808883
0.810919
0.811287
0.81141
0.814602
0.816122
0.821151
0.837049
0.83814
0.849985
0.850832
0.853713
0.861036
0.862686
0.863205
0.864308
0.865299
0.868694
0.872727
0.874161
0.876095
0.878012
0.878485
0.879697
0.882375
0.883715
0.883766
0.884381
0.884439
0.895079
0.907365
0.910633
0.910684
0.913665
0.917141
0.91736
0.925092
0.928317
0.929922
0.930496
0.931808
0.933056
0.933849
0.935029
0.936575
0.939248
0.939409
0.941343
0.942268
0.942627
0.9431
0.943142
0.943389
0.946437
0.947715
0.948052
0.948096
0.948337
0.948595
0.9504
0.950578
0.950839
0.953161
0.954867
0.955248
0.956144
0.956214
0.956502
0.956746
0.957198
0.958962
0.959198
0.95953
0.960852
0.961368
0.962211
0.962281
0.9623
0.962681
0.9627
0.963125
0.963328
0.963577
0.96373
0.964047
0.965756
0.9658
0.96706
0.967247
0.967775
0.968886
0.968985
0.970614
0.970717
0.970757
0.970927
0.971026
0.971196
0.972279
0.972404
0.97307
0.973683
0.975556
0.976104
0.976498
0.976961
0.977499
0.978525
0.97932
0.980079
0.982676
0.984585
0.985007
0.985282
0.985699
0.986462
0.986564
0.987269
0.987396
0.987566
0.987583
0.987668
0.988474
0.989288
0.989591
0.989771
0.98978
0.992512
0.992607
0.993627
0.993871
0.994556
0.995123
0.995446
0.995458
0.995476
0.995524
0.996924
0.99728
0.998519
0.999436
1.00208
1.00271
1.00302
1.00316
1.00461
1.00508
1.00527
1.00796
1.00807
1.00822
1.00822
1.00862
1.00946
1.00953
1.0107
1.01218
1.01246
1.01333
1.01363
1.01433
1.01446
1.01609
1.01627
1.01786
1.01826
1.01908
1.01939
1.0195
1.01985
1.02018
1.02083
1.02103
1.02176
1.02209
1.0221
1.02334
1.02448
1.0246
1.02484
1.02573
1.02638
1.02665
1.02691
1.0271
1.02735
1.0274
1.02835
1.02954
1.02971
1.03164
1.03259
1.03399
1.03399
1.03439
1.03442
1.03556
1.03656
1.03664
1.03684
1.03747
1.03762
1.03812
1.04015
1.04412
1.04536
1.04684
1.04738
1.04915
1.05069
1.05128
1.05136
1.05237
1.05394
1.05514
1.05617
1.05638
1.05679
1.06057
1.06307
1.06495
1.06567
1.06735
1.07376
1.07388
1.07393
1.07505
1.07533
1.07543
1.07718
1.0782
1.07905
1.07948
1.08066
1.08136
1.08243
1.08329
1.08391
1.08571
1.09242
1.0937
1.0953
1.0982
1.09872
1.10236
1.10436
1.10715
1.10854
1.10865
1.10881
1.11038
1.11169
1.11186
1.11209
1.11217
1.11223
1.11256
1.1155
1.11852
1.12025
1.12139
1.12171
1.1219
1.12374
1.12492
1.13146
1.13316
1.1379
1.13823
1.13876
1.14281
1.14409
1.14465
1.1462
1.14637
1.14763
1.14857
1.14963
1.14988
1.15058
1.15933
1.16227
1.16878
1.17082
1.17171
1.17177
1.17296
1.1738
1.17455
1.17484
1.17596
1.17721
1.17746
1.17872
1.17873
1.17974
1.18137
1.182
1.18247
1.18322
1.18352
1.18545
1.18753
1.18781
1.18868
1.19028
1.19138
1.1926
1.19424
1.19523
1.19604
1.19756
1.19771
1.1983
1.19865
1.19921
1.19964
1.20368
1.20385
1.20431
1.2047
1.20553
1.20986
1.21028
1.21031
1.21057
1.21156
1.2123
1.21268
1.21305
1.21375
1.21379
1.21449
1.21485
1.21554
1.21554
1.21614
1.21632
1.21638
1.21663
1.21722
1.2176
1.22014
1.2207
1.22168
1.22272
1.22274
1.2237
1.22403
1.22411
1.22498
1.22531
1.22665
1.22722
1.22753
1.22787
1.22826
1.22852
1.22875
1.22965
1.22971
1.22991
1.23039
1.23088
1.2315
1.23151
1.23184
1.23191
1.23228
1.2334
1.2337
1.23373
1.23408
1.23413
1.23443
1.23479
1.23492
1.23569
1.23646
1.23708
1.23786
1.23786
1.23803
1.23807
1.23907
1.23907
1.23917
1.23923
1.24001
1.24021
1.24047
1.24114
1.24153
1.24189
1.24234
1.24301
1.24301
1.24363
1.24442
1.24506
1.24575
1.2467
1.24762
1.24781
1.24872
1.2491
1.2507
1.25115
1.25125
1.25132
1.25139
1.25213
1.25242
1.2533
1.25379
1.25445
1.25455
1.25459
1.25587
1.25593
1.25621
1.25693
1.25697
1.25713
1.25753
1.25759
1.25784
1.25813
1.25822
1.25824
1.25832
1.25837
1.25861
1.25924
1.25979
1.25984
1.25986
1.26061
1.26074
1.26155
1.26185
1.26349
1.26461
1.26488
1.26533
1.26591
1.26679
1.26703
1.26772
1.26852
1.26873
1.27006
1.2725
1.2726
1.27277
1.27289
1.27446
1.27469
1.27479
1.2756
1.27568
1.27688
1.27723
1.2774
1.27891
1.2791
1.28012
1.28115
1.28222
1.28242
1.28261
1.28308
1.28315
1.28368
1.28379
1.28428
1.28442
1.2846
1.28525
1.28588
1.28617
1.28625
1.28776
1.29266
1.29288
1.29314
1.2945
1.29462
1.29538
1.29561
1.29603
1.29723
1.29735
1.29776
1.29778
1.29845
1.30019
1.3018
1.30358
1.30744
1.30817
1.3084
1.30848
1.31273
1.31375
1.31464
1.31468
1.31681
1.31896
1.32342
1.32663
1.32774
1.32778
1.33843
1.33931
1.34297
1.34384
1.3454
1.34856
1.35346
1.35817
1.3672
1.36878
1.38653
1.40366
1.45036
0.763476
0.825489
0.837446
0.964918
0.86706
0.953346
0.950198
0.991442
0.963565
0.879355
0.960252
0.957321
0.937449
0.944646
0.983982
0.911627
1.00947
0.942466
0.932823
0.938403
0.976727
0.943551
0.983851
0.973029
0.954585
0.969421
0.943212
0.938898
0.964552
0.982479
0.916621
1.00234
0.986555
1.00369
0.954105
0.967041
0.958375
0.989004
0.964738
0.970083
0.981386
1.00611
1.01031
0.944457
1.01754
1.01397
0.998576
1.02536
1.00332
1.00028
0.983468
1.05765
0.993419
0.953306
1.04351
1.04053
1.04489
1.01621
1.0554
1.03008
1.01808
1.05271
0.965286
1.04878
0.997858
1.0063
0.984798
1.0196
1.0249
1.00504
0.943699
1.05357
0.958493
1.00973
1.00516
1.01262
1.01236
1.04279
1.01105
1.02758
0.989823
1.01372
1.02343
0.997316
1.06093
1.03218
1.01747
1.0213
1.049
1.017
1.07011
1.00796
1.06282
1.0253
1.02877
1.03212
0.997793
1.01298
1.04392
1.02115
1.03441
1.04397
1.05282
1.02733
1.00912
1.0711
1.02041
1.04575
1.0731
1.06699
1.0306
1.06954
1.05364
1.13327
1.08857
1.0668
1.06982
1.08586
1.06335
1.08296
1.09891
1.08052
1.09767
1.1195
1.09846
1.077
1.1088
1.24123
1.0781
1.1531
1.10233
1.08322
1.14435
1.09085
1.12585
1.23156
1.15279
1.24708
1.16388
1.07612
1.23858
1.25489
1.24041
1.18632
1.15327
1.26186
1.26194
1.20375
1.15329
1.13266
1.26262
1.21714
1.24316
1.26142
1.22538
1.2115
1.21492
1.23229
1.25212
1.23484
1.29143
1.22625
1.20885
1.26526
1.3533
1.18913
1.21155
1.23535
1.26726
1.23309
1.2599
1.23248
1.22509
1.26216
1.26378
1.2471
1.1522
1.23383
1.28131
1.21541
1.27902
1.22498
1.23236
1.21657
1.26365
1.30372
1.2131
1.1855
1.24644
1.24036
1.21252
1.19742
1.30167
1.2567
1.25241
1.18262
1.27295
1.23492
1.27767
1.20666
1.271
1.24098
1.24747
1.20522
1.31506
1.26146
1.31958
1.2481
1.30397
1.25599
1.26686
1.26357
1.25973
1.23018
1.27323
1.24481
1.26082
1.27047
1.25333
1.25251
1.25513
1.26415
1.28662
1.2654
1.27441
1.30077
1.20299
1.28145
1.24569
1.26593
1.27623
1.20617
1.31257
1.307
1.32961
1.2836
1.30142
1.3083
1.26626
1.34104
1.32023
1.25864
1.21651
1.30085
1.35403
1.34367
1.29646
1.33846
1.23813
1.22698
1.31502
1.27996
1.2349
1.2939
1.28071
1.27646
1.26319
1.23753
1.25949
1.27668
1.25376
1.28542
1.30725
1.32939
1.30764
1.27368
1.29106
1.2843
1.25688
1.26452
1.33377
1.29608
1.21686
1.26266
1.2212
1.27692
1.28677
1.36647
1.26499
1.32838
1.2948
1.28279
1.25592
1.29444
1.29166
1.26534
1.29227
1.27448
1.25143
1.24531
1.21587
1.30066
1.31785
1.34925
1.28892
1.19686
1.23953
1.29884
1.28127
1.32677
1.27877
1.29176
1.30854
1.25843
1.28435
1.28336
1.19918
1.35203
1.21989
1.27137
1.28078
1.34626
1.26176
1.30695
1.32006
1.24344
1.30893
1.31859
1.30672
1.32176
1.27312
1.24205
1.24896
1.27632
1.28768
1.33618
1.29223
1.3122
1.24872
1.34419
1.29325
1.33074
1.29069
1.30509
1.32632
1.25475
1.23201
1.31214
1.3123
1.27226
1.27058
1.34224
1.33137
1.27859
1.24434
1.25576
1.35427
1.27447
1.29499
1.33456
1.26178
1.35238
1.34526
1.23011
1.36864
1.2652
1.30946
1.2898
1.3466
1.29928
1.29319
1.31319
1.28149
1.32389
1.24953
1.28031
1.30463
1.34207
1.3142
1.28756
1.31989
1.3305
1.35801
1.27563
1.34949
1.30405
1.34712
1.27301
1.31592
1.30595
1.30121
1.24094
1.31266
1.29628
1.35674
1.31806
1.30021
1.32377
1.27051
1.2741
1.31562
1.29834
1.28035
1.35731
1.2855
1.28175
1.31629
1.28982
1.34759
1.31141
1.32903
1.28874
1.28145
1.39576
1.30295
1.2759
1.33167
1.29135
1.32879
1.34012
1.26839
1.27127
1.30921
1.28364
1.32515
1.27784
1.31553
1.34445
1.3617
1.37298
1.31967
1.32742
1.3148
1.29705
1.30859
1.35983
1.34715
1.31477
1.38616
1.27668
1.34169
1.31606
1.32827
1.34089
1.32574
1.29655
1.31481
1.32977
1.29333
1.3657
1.31407
1.31813
1.36225
1.2718
1.30694
1.29212
1.33056
1.33686
1.31534
1.31237
1.33945
1.32559
1.25911
1.37389
1.30982
1.34392
1.28045
1.38629
1.30518
1.33079
1.26521
1.38601
1.34284
1.28162
1.31692
1.2787
1.26492
1.28798
1.30666
1.35517
1.31632
1.30257
1.37387
1.2945
1.26553
1.33534
1.30518
1.35301
1.37568
1.24267
1.30332
1.38068
1.3871
1.35485
1.30321
1.37155
1.35313
1.28551
1.33014
1.24395
1.33855
1.34702
1.29358
1.30751
1.37301
1.29345
1.3178
1.31164
1.28294
1.35783
1.34934
1.26184
1.38412
1.44529
1.27103
1.3131
1.41883
1.32913
1.32872
1.37367
1.30358
1.3137
1.31917
1.39916
1.31549
1.34939
1.29461
1.34634
1.36034
1.45252
1.34778
1.3535
1.29173
1.38188
1.35675
1.2943
1.35292
1.41464
1.37348
1.4216
1.25613
1.42799
1.35624
1.36985
1.29364
1.26421
1.19671
1.33717
1.30942
1.35939
1.23438
1.34278
1.23887
1.34317
1.37497
1.42511
1.34416
1.33188
1.29368
1.40551
1.37079
1.39239
1.36734
1.37376
1.32864
1.4053
1.32101
1.40159
1.2983
1.29461
1.23298
1.41792
1.41318
1.46569
1.321
1.44528
1.39076
1.45274
1.4211
1.46695
1.37609
1.43832
1.36398
1.41764
1.43418
1.47013
1.40672
1.39972
1.37525
1.22074
1.31942
1.32313
1.35783
1.43127
1.44321
1.25647
1.29939
1.31366
1.28362
1.38933
1.40182
1.27941
1.43064
1.38318
1.2951
1.37188
1.33179
1.41055
1.35824
1.32869
1.45277
1.36304
1.33349
1.32951
1.35502
1.33862
1.33242
1.26427
1.45156
1.36012
1.32119
1.29825
1.47436
1.36639
1.38279
1.33339
1.42331
1.37688
1.37774
1.3123
1.38612
1.39619
1.45862
1.36433
1.38698
1.24789
1.39146
1.38883
1.36653
1.30672
1.38782
1.30266
1.30044
1.26133
1.26054
1.33665
1.36501
1.32466
1.34649
1.33461
1.27078
1.26812
1.25793
1.30612
1.41766
1.28174
1.35258
1.36216
1.3682
1.27258
1.30183
1.28692
1.34782
0.99772
1.01935
1.00712
1.01935
1.0076
1.00365
1.04638
1.00047
0.915635
1.00117
1.00827
0.904335
0.991274
0.947967
1.08658
1.02014
1.07641
1.00841
1.02783
1.00668
1.06007
1.05457
1.00187
1.03219
1.05245
0.928668
0.846232
0.972808
0.924827
1.05704
0.936934
1.05588
1.05318
0.948567
1.01896
1.01212
1.04188
0.998436
0.976901
0.812314
1.0618
1.0793
1.05473
0.910986
1.09844
1.04
1.0414
1.04364
1.02012
0.959359
0.997438
1.03279
0.970142
1.0108
1.03809
0.755421
1.03527
1.04282
0.953185
1.02818
1.03
1.05406
1.07211
1.07607
0.930418
0.964326
1.01729
1.03995
0.96773
1.03706
1.04723
1.0565
0.945684
1.04922
1.01315
1.04321
1.01003
1.05907
1.00835
1.03489
1.03547
0.855934
0.894365
0.908949
0.939006
0.946913
0.933599
1.02491
0.788352
0.784039
0.845352
0.880793
0.931722
1.01136
1.07001
1.01281
0.901097
1.01107
1.07903
1.00331
1.05447
1.07559
0.996896
1.13818
1.02604
1.0576
1.01887
1.05919
1.02338
1.06356
1.0848
1.02592
0.838876
1.07912
0.993646
1.04445
1.06807
1.02849
0.99943
1.03846
1.09043
0.858511
1.00361
1.01098
0.952094
1.02815
1.05107
1.11219
0.976316
0.62574
0.730989
0.821603
0.81005
0.799813
0.840113
0.81951
0.831278
0.797137
0.794158
0.824326
0.821347
0.786799
0.828252
0.864202
0.845471
0.840909
0.820498
0.849027
0.832126
0.800119
0.840943
0.84705
0.843229
0.810749
0.840421
0.844216
0.818297
0.813863
0.857124
0.855541
0.82751
0.808414
0.84275
0.859603
0.857079
0.841121
0.836811
0.842204
0.887827
0.909619
0.884432
0.855211
0.866524
0.829576
0.840359
0.840856
0.927214
0.960422
0.907628
0.863747
0.894237
0.954773
0.926596
0.858422
0.978999
0.986632
0.85813
0.982599
0.860689
0.940621
0.950925
0.947786
0.918289
0.865868
0.968574
0.936422
0.987408
0.908974
0.949891
0.984088
0.900347
0.892995
0.934227
0.9392
0.873611
0.977385
0.873017
0.98784
0.931603
0.996844
0.956253
0.8695
0.978169
0.97544
1.00236
0.98282
0.944939
0.927476
0.877853
1.00814
0.989035
1.0017
0.997293
0.941753
1.01078
0.9991
1.01456
0.858637
0.966452
0.941503
0.992892
0.956048
1.00264
1.04212
0.99787
1.00273
1.06245
1.0488
0.934035
0.919399
1.00777
0.954322
0.960192
1.06912
1.0005
0.936892
1.01564
1.01795
1.0378
0.947061
0.927005
1.00351
1.00487
1.01725
1.01479
0.995287
0.992195
0.976404
1.07746
0.948369
1.04998
0.969035
1.05321
0.94373
1.01237
1.04301
1.00232
0.94404
0.970119
1.00867
1.00151
0.996585
1.07592
1.012
1.02967
1.06712
1.06223
1.11086
1.03405
0.981842
1.04631
1.07617
0.964609
1.04712
1.04184
1.02353
1.09892
1.12656
0.964639
1.07141
1.00431
1.04205
0.987602
1.02118
1.04749
1.09478
1.06388
1.07992
1.00702
1.072
1.02378
0.938885
1.04552
1.04827
1.00809
1.03183
1.05203
1.01381
1.05323
1.04593
1.02543
1.01003
1.02908
1.04218
1.05705
1.03553
1.04703
1.05835
1.04029
0.996409
1.05312
1.03304
1.08632
1.02826
1.03417
1.06474
1.03782
1.07393
0.999496
1.00065
1.08749
1.03651
1.04876
1.0614
1.00531
1.07335
1.04701
1.04312
1.06237
1.07785
1.047
1.10598
1.03758
1.07007
0.969927
1.04544
1.04129
1.05277
0.98595
1.06256
1.03215
1.01147
1.09011
1.01311
0.993818
1.09464
1.06662
1.02289
1.0582
1.10887
1.02433
1.03183
1.0583
0.985597
1.07873
1.0652
1.0051
1.09877
1.07878
1.05286
1.05757
1.06108
1.04319
1.07248
1.07618
1.02245
1.06264
1.07942
1.03186
1.07568
1.09351
1.0277
1.07864
1.08897
1.05141
1.09132
1.01542
0.993796
0.987229
1.04928
1.0673
1.03512
1.09462
1.09201
1.00167
1.00389
1.03699
1.0477
1.0436
1.07142
1.03533
1.08661
1.01701
1.06317
1.05938
0.980427
1.01072
1.06166
1.0578
1.037
1.09134
1.09811
0.992568
1.06997
1.05908
1.03936
1.03487
1.08161
1.04126
1.08827
1.0557
1.04411
1.04995
1.02378
1.07277
1.06321
1.04054
1.14197
1.08879
1.06911
1.08744
1.06674
1.02378
1.03639
1.05095
1.02943
1.11953
1.03316
1.03786
1.03272
1.06247
1.04994
1.04763
1.03664
1.06341
1.0961
1.04625
1.07501
1.02617
1.08331
1.10316
1.0742
1.09265
0.968611
1.06245
1.03141
1.10313
1.11615
1.04226
1.00661
1.08079
1.07727
1.10825
1.02347
1.0391
1.05162
1.0009
1.07487
1.09642
1.00826
1.06849
1.07983
1.03786
1.04863
1.07389
1.09508
1.05796
1.03835
1.08506
1.03447
1.02308
1.05478
1.08229
1.09122
1.10355
1.06984
1.04461
1.05056
1.03221
1.046
1.10551
1.09673
1.07862
1.10432
1.0731
1.01143
1.03026
1.09472
1.0417
0.990417
1.07841
1.08398
1.04359
1.03102
1.04504
1.07088
1.06055
1.06764
1.06407
1.088
1.05085
1.13068
1.08745
1.06242
1.13359
1.10134
1.09575
1.09843
1.08776
1.07622
1.09117
1.02384
1.07639
1.04814
1.07052
1.06133
1.16452
1.1132
1.15497
1.11108
1.17163
1.03377
1.06557
1.02205
1.04759
1.08269
1.02724
1.17917
1.10375
1.07149
1.03396
1.04269
1.01034
1.0736
1.07772
1.06506
1.08883
1.13297
1.04946
1.05259
1.08974
1.10218
1.09044
1.09705
1.06508
1.09057
1.01785
1.05013
1.06095
1.07439
1.07141
1.08342
1.08889
1.08248
1.0619
1.05518
1.05306
1.06076
1.0812
1.02443
1.07369
1.04603
1.11343
1.06248
1.07393
1.03167
1.07592
1.07292
1.07823
1.07355
1.06209
1.02015
1.04936
1.0359
1.0535
1.06029
1.03622
1.04862
1.06353
1.05379
1.07646
1.0662
1.1189
1.11671
1.10143
1.06301
1.11194
1.03467
1.0913
1.07596
1.04101
1.05967
1.08591
1.06302
1.08975
1.09387
1.09983
1.03381
1.0985
1.03314
1.0454
1.09232
1.05158
1.03903
1.05069
1.1103
1.03281
1.12139
1.0251
1.11651
1.03971
1.10358
1.07456
1.03738
1.09865
1.11127
1.0546
1.09759
1.08396
1.0781
1.1109
1.05424
1.06304
1.09388
1.09035
1.02131
1.07904
1.08315
1.07521
1.04436
1.08417
1.09511
1.05896
1.07863
1.11373
1.12902
1.10987
1.11459
1.07935
1.0542
1.08428
1.11248
1.09819
1.08724
1.10537
1.1286
1.0883
1.12031
1.0693
0.983823
1.13088
1.17345
0.938365
1.14208
0.870055
0.742054
0.728554
1.0338
0.845932
1.15775
1.20114
1.05726
1.04324
1.11495
0.862234
0.858419
0.743208
0.877225
1.10286
0.726909
1.07448
0.969925
1.06865
1.05632
1.03922
1.15276
1.0564
1.17958
1.01246
1.15357
1.00484
1.19861
1.18918
0.738522
1.07707
1.13083
0.778742
1.0567
1.18837
1.08383
1.05638
1.09937
1.123
1.19686
1.09283
1.03112
0.605736
0.782544
0.701184
1.21939
1.0979
1.11609
0.783415
1.08073
1.20192
1.18655
1.11288
1.05922
1.22922
1.08522
1.10689
1.04533
1.05849
0.701675
0.812575
0.825258
1.19617
1.10526
0.938741
1.18546
1.08807
1.19368
1.07883
1.20702
1.15801
0.895066
1.12384
1.15199
1.1071
1.05676
1.13388
1.16518
1.05873
1.15751
1.05857
0.8359
0.912248
1.05916
1.10366
1.13734
1.10074
1.1582
1.10653
1.15847
0.998176
1.08908
1.07114
1.00092
1.13253
1.15333
0.920648
0.982195
0.90972
1.02622
1.06367
1.08308
1.03249
1.20676
0.972664
1.02311
1.09221
1.03184
1.01998
1.16942
1.06745
1.07029
1.0805
0.996144
0.945461
0.943764
1.06737
1.03952
1.11568
1.16875
1.01627
0.956497
1.12287
1.1603
0.626322
0.67433
0.677414
0.688997
0.739549
0.698503
0.778523
0.733264
0.763163
0.760161
0.787028
0.74991
0.777329
0.762647
0.775472
0.777717
0.780833
0.774547
0.820097
0.82199
0.844881
0.815551
0.816757
0.855867
0.827591
0.875321
0.839727
0.834444
0.830603
0.833837
0.876435
0.838666
0.863817
0.832075
0.809945
0.864382
0.87179
0.868179
0.854186
0.839915
0.883908
0.88465
0.873847
0.839249
0.902942
0.890749
0.876787
0.899331
0.855733
0.858395
0.927155
0.881384
0.893542
0.86312
0.87209
0.881748
0.857531
0.804816
0.902727
0.917226
0.944024
0.968004
0.915182
0.984371
0.906357
0.911879
0.932449
0.954011
0.882642
0.897677
0.882487
0.889829
0.931011
0.939396
0.924525
1.00056
0.892582
0.88667
0.953901
1.01527
0.967483
0.908253
0.942458
0.895753
0.906771
1.00863
0.927711
0.913805
0.879602
0.940919
0.966435
1.00247
0.983602
0.942133
0.974551
1.01067
0.991303
0.823347
0.823138
0.934747
0.911691
0.917594
0.963427
0.9862
0.91809
0.971445
0.966437
0.998939
0.968079
0.875233
0.950473
1.00931
0.95811
0.98609
1.00487
0.999466
1.00166
1.00433
1.01008
0.984447
0.924538
0.97943
1.01745
1.0171
0.985354
1.01657
0.994043
1.00466
0.956189
0.994549
0.995402
0.990179
0.96174
0.916571
1.0066
0.983278
1.02022
0.985095
0.998999
0.939942
1.03607
0.990521
0.998085
1.01819
0.993314
1.0275
1.03991
1.00615
0.981059
0.990316
1.03248
0.9802
1.05713
1.01413
0.988358
1.04808
1.00914
0.959584
0.997546
1.03936
0.982449
1.02615
1.06475
1.08231
1.02671
0.970581
0.998239
0.982087
0.93794
1.04285
0.879866
1.02697
1.04405
0.991878
0.955324
1.0179
1.0397
1.00346
1.03072
1.01058
1.0366
0.96697
0.914453
1.00185
1.02667
1.05631
0.997488
0.97779
0.977274
0.999795
1.02131
0.965741
1.07034
0.972293
1.05518
1.03423
0.980679
1.07387
1.03448
1.00846
1.02051
1.0742
0.989237
1.00323
1.04811
0.999182
1.00024
1.01687
1.01035
1.06536
1.05291
1.00115
0.983267
1.05873
1.06215
1.07279
1.04399
1.02365
0.991479
1.03849
0.999804
0.96121
1.02267
0.988856
0.997298
1.01276
1.00952
0.970534
0.947601
1.0256
1.02259
1.00192
1.03296
0.958577
0.907567
1.05622
1.06632
0.926138
1.01327
1.06254
1.04071
1.00944
1.01963
1.02254
1.04023
1.03226
1.04811
0.985184
1.12525
1.07809
1.08431
0.9942
1.03003
0.981128
1.07851
1.02101
1.02232
1.04019
1.05786
1.07816
1.08363
0.975839
0.975937
1.01215
1.07592
0.879786
0.941762
1.03677
1.07363
1.06787
0.993659
1.04198
1.08513
1.00085
0.946041
1.04785
1.01467
0.975633
1.05691
1.04862
1.01578
0.939921
1.07491
0.946334
1.08988
1.0421
1.01004
1.04166
1.1063
1.091
1.04994
0.973124
1.0434
1.08879
1.03956
1.0752
1.03509
1.09069
0.949793
0.91518
1.0355
0.995632
1.05949
1.00664
1.03318
0.930485
1.07927
1.03386
1.07138
1.04154
0.963299
0.947793
0.974742
0.999321
1.04554
0.975324
0.954326
1.05218
1.02691
1.04411
1.0455
1.07792
1.04501
0.953181
1.01662
1.06663
1.0583
1.07041
1.09049
1.02371
1.03302
1.00779
1.05151
1.0379
1.04976
1.06064
1.04796
0.970673
1.0571
1.01292
1.04795
1.0942
0.990583
1.00652
1.02658
1.13871
0.977013
1.11857
0.963622
0.970784
1.06913
0.996575
1.0748
1.0515
1.04305
0.990462
1.02318
1.05837
1.04535
1.00746
1.09828
1.07287
1.04189
1.07204
1.00005
1.12081
1.0628
1.08973
1.06048
1.06065
0.95064
1.00659
1.02739
1.01199
1.0351
1.04134
1.03512
1.04095
1.05881
1.04882
0.948718
1.08812
1.05887
1.01807
0.977444
1.09557
1.06079
1.03708
1.06529
1.0354
1.01368
0.984443
1.01411
0.971245
1.05761
1.08819
0.989365
1.06271
1.07001
0.972372
1.06447
0.987607
1.08658
1.00943
1.00777
0.950138
0.99218
1.02089
1.03639
0.974032
0.99334
0.955589
1.02243
1.09553
1.05059
0.973354
1.03295
1.0301
0.977997
1.00317
1.09461
0.965146
1.00522
1.06078
0.979614
1.08311
1.02198
1.14036
1.03407
0.997188
1.03586
0.966426
0.992271
1.00249
1.03718
1.1077
1.06356
1.07179
1.03085
1.07451
0.998035
1.07263
1.03019
0.98713
1.11554
1.04992
1.01045
1.108
1.07546
1.0329
1.02876
1.05274
1.00581
0.955586
0.977822
1.10256
0.992581
0.996436
0.973097
1.05229
0.990318
1.01243
0.972464
0.969586
0.97699
1.06132
0.992389
1.03704
1.00892
1.08952
1.02549
1.08577
1.08506
1.08579
1.06513
1.01718
1.088
1.08364
0.983368
1.0438
0.962934
1.03263
0.979945
0.988559
0.989874
0.993626
1.03675
1.08053
0.991628
1.03649
0.990255
0.976759
1.04383
1.04302
1.05206
1.06958
0.988529
1.02079
1.04517
1.05634
1.01868
1.03225
1.01497
1.00122
0.998248
1.03727
1.02136
1.02293
0.980465
1.09965
1.10833
1.03496
1.02737
1.08456
1.10515
1.08908
1.0006
1.09358
0.995766
0.968724
1.05381
1.087
1.15034
1.02163
1.01239
1.07041
1.03945
1.03049
1.04755
1.07305
1.1129
1.10127
1.05205
1.06761
1.07361
0.993217
1.0004
1.00318
1.00903
1.01452
1.02587
0.977618
1.01944
1.01397
1.02746
0.970199
0.98313
0.997497
0.978943
1.01261
0.987561
0.962083
0.978449
1.0056
1.00886
1.00904
1.01932
1.01998
0.995966
0.987409
0.9979
1.01602
1.01724
1.00595
0.998552
1.00744
0.877264
0.965352
0.983431
1.0153
1.01534
1.02468
1.00495
0.769785
0.926732
0.986062
1.04542
1.00748
0.961212
0.995548
1.02193
0.976676
0.99043
0.975522
0.983973
1.00414
0.941764
1.00382
0.880066
0.939046
0.908713
1.02969
1.03065
1.02657
1.04374
1.04768
1.04938
1.05177
0.85399
0.94341
0.980814
0.984389
0.995969
1.00744
1.02154
1.01823
0.968311
0.980036
0.991671
0.998119
1.03872
1.0523
0.939177
0.986525
0.864113
0.933019
0.972063
1.00037
1.00431
1.01509
1.01832
1.02724
0.758007
0.916298
0.956603
0.927724
0.976839
1.0178
0.997106
1.02591
0.947332
0.983774
0.983344
0.956744
0.990867
0.969577
0.99378
1.00802
0.838763
0.860679
0.880482
0.893919
0.927192
0.99515
0.992084
1.04861
1.00989
0.858256
0.973058
0.975179
0.988892
1.00618
1.01516
1.04358
0.680787
0.956223
0.983251
1.02753
0.980975
0.977772
1.0252
1.03711
0.882982
0.633077
0.829417
0.747991
0.887206
0.793051
0.874799
0.851277
0.820575
0.847722
0.861442
0.885259
0.850615
0.828308
0.875029
0.800963
0.764851
0.848846
0.877766
0.870756
0.877391
0.926584
0.893842
0.828851
0.925108
0.887447
0.884447
0.991606
0.848025
0.795173
0.854728
0.902266
0.844641
0.914128
0.787307
0.930009
0.911223
0.931964
0.773658
1.0151
0.962448
0.863897
0.920422
0.888203
0.996842
0.938768
0.902787
0.911392
0.830022
0.938734
0.941785
0.92267
0.938776
0.893623
0.917591
0.907035
0.93425
0.957382
0.948134
0.814398
0.975669
0.973525
0.885822
0.956058
0.946935
0.804992
0.915406
0.956541
0.948895
0.996565
0.894662
1.00281
1.00092
0.97835
1.03761
1.06868
0.892603
0.84702
0.920633
1.01154
0.821416
0.968612
0.968167
0.927756
1.01031
1.03267
0.975955
0.846007
0.939352
0.96196
0.98584
0.935413
0.975536
0.957056
1.01549
0.955934
0.976218
1.0322
1.08523
0.940568
0.992083
0.890139
0.922482
1.00029
1.05439
0.895983
0.937983
0.992559
0.822684
1.00284
0.990222
1.08407
0.996266
1.06385
1.06869
1.02376
0.932372
0.997199
1.0548
1.07235
1.13639
1.04769
0.969756
1.07842
1.04164
1.07297
1.05314
1.0059
1.08092
1.04385
1.00602
1.07422
0.908689
1.07647
0.937906
1.02939
1.01457
1.06031
1.06442
1.05986
1.043
1.05094
0.952399
1.02043
1.09953
1.11419
1.04073
1.0263
1.06979
0.985577
1.08475
0.99451
0.998968
0.979267
0.994092
1.11755
0.888336
1.12134
1.08152
1.04999
0.998115
1.02261
1.0793
1.0337
1.00538
1.03815
0.995386
1.07651
1.046
1.06106
1.06791
1.04879
1.03596
1.03271
1.03074
1.09421
1.02348
0.948141
0.954882
1.05807
0.959055
0.973538
1.07753
1.02149
0.969812
1.02477
1.0755
1.06215
1.05942
1.08745
1.12999
1.10451
1.03603
1.13041
0.977686
1.07158
1.04425
1.07258
0.964945
0.975035
1.02653
1.02598
1.03478
1.07936
1.08616
1.06112
1.08707
1.06548
0.999443
1.07066
1.05259
0.964471
1.09611
1.04001
1.03945
1.12533
1.00079
1.12921
1.04734
1.0545
1.02
1.06835
1.06962
1.12033
1.0489
0.962191
0.929914
1.0201
0.985103
1.09155
1.09462
1.08884
1.07715
1.12288
1.06929
0.893512
1.09876
1.00643
1.03346
1.06063
1.1044
1.02662
1.08007
1.08443
1.07685
1.11892
1.07689
1.03238
0.99649
0.945908
1.0068
1.05917
1.06863
1.09738
1.16911
1.05433
1.03594
1.085
1.14426
1.07062
1.05375
1.06574
1.04892
1.12606
1.10544
1.02469
1.05283
1.14158
1.09367
1.0659
1.08658
1.01398
1.02108
1.01152
1.01541
1.01212
1.0211
1.10769
1.15528
1.09433
1.07051
0.994954
1.02843
1.02
1.14351
1.04718
1.03272
1.06364
1.03372
1.07105
0.960803
1.07467
1.08685
1.02074
1.04577
1.0413
1.13322
1.02459
1.0539
1.00138
1.014
1.07797
1.01423
1.01424
1.03952
1.06164
1.03104
1.03515
1.02905
1.09443
1.0822
1.05273
1.06377
1.1025
1.00585
1.05548
1.03201
1.09626
1.05641
1.04218
1.02626
1.00981
1.01084
1.1029
1.08432
1.06259
1.08632
1.07486
1.09952
1.12868
1.08581
1.04035
1.01357
1.09973
1.08432
1.12158
1.04591
1.03737
1.15788
1.09844
1.03734
1.03378
1.06876
1.06745
1.0112
1.01486
1.0036
1.07168
1.0442
1.04858
1.05671
1.0301
1.02155
0.997808
1.02606
0.9652
1.0303
1.07568
0.993454
1.08311
1.01858
1.1091
1.00047
1
1.1368
1.0033
1.08015
1.09294
1.03079
0.98047
1.03998
0.982451
1.08751
1.06323
1.03881
1.07396
1.03921
1.00758
1.01982
1.0885
1.02817
1.07246
1.0651
1.1561
1.03575
0.983342
1.06681
1.03573
0.994202
1.05444
1.05206
1.00822
0.999347
1.04942
1.02876
1.06791
1.02077
1.00624
1.03865
1.01919
0.981354
1.09482
1.0174
1.03723
1.01706
1.14115
1.02077
1.02467
1.07528
0.992657
1.13859
1.06053
1.0582
1.06168
1.13268
1.07243
1.03034
1.01228
1.12036
0.99052
1.06604
1.01859
1.12681
1.0643
1.19217
0.99279
1.1344
1.03688
0.986248
1.04668
1.13756
1.04546
1.00119
1.01551
1.06149
1.04996
1.03955
1.14355
1.04094
1.03054
1.07514
1.04817
1.0292
1.02192
1.02314
1.0879
0.976811
1.03524
1.10013
1.0168
1.05528
1.03491
1.03797
1.04735
1.03396
1.12343
1.08636
1.09239
1.1394
1.02923
1.04539
1.06828
1.06864
1.0377
1.02665
1.03826
1.07983
1.05458
1.08455
1.01191
1.06753
1.12047
1.04199
1.0725
1.0453
1.10199
1.08161
1.09628
1.04794
1.06557
1.0813
1.06087
1.00749
1.05714
1.07208
1.03399
1.07276
1.06764
1.04169
1.07972
1.07245
1.06165
1.05366
1.04005
1.09526
1.09309
1.076
1.04229
1.01364
1.03065
1.04488
1.12403
1.02573
1.04643
1.07959
1.04419
1.04332
1.11925
0.999501
1.05134
1.04649
1.06443
1.01829
1.11366
1.07562
1.14533
1.02409
1.06817
1.03906
1.09407
1.08743
1.05303
1.04543
1.08444
1.09011
1.03792
0.914704
0.973947
1.0281
1.0327
1.03733
1.03881
1.04232
1.06079
0.977262
0.988653
1.00938
1.01528
1.02264
1.05623
1.07792
1.02263
0.958494
0.979871
0.980383
0.981167
0.988937
1.02053
1.03141
1.11348
0.908999
0.969394
1.01133
0.964878
1.04451
0.953868
0.956979
0.83707
0.826998
0.997886
1.0077
1.01445
1.01516
1.05457
1.09857
0.776194
0.950239
0.962376
0.968524
0.975954
1.00237
1.00452
1.02912
1.04187
0.855105
0.888159
0.916587
0.922481
0.980162
1.00157
1.0429
1.05257
0.939635
0.984279
1.01758
1.03421
1.03752
1.06231
1.06978
0.958989
0.895595
0.919919
0.952424
0.999197
1.01059
1.02611
1.02697
1.06931
1.02338
1.0364
0.959604
1.09266
0.945737
0.995544
1.01356
0.670791
0.921699
0.942041
0.947572
0.962711
1.00018
1.03839
1.04988
1.05399
0.944973
0.951279
0.957209
0.971642
0.993645
0.995517
1.0817
1.09327
0.871625
0.919247
0.951548
0.964079
0.982901
0.99767
1.00183
1.01807
0.859664
0.891682
0.89326
0.895646
0.918171
0.961623
1.04282
0.805227
0.836066
0.947885
0.941335
0.947446
0.967044
0.990043
1.0263
1.09611
0.685157
0.839515
0.784587
0.804679
0.958913
0.944379
0.952762
0.969726
0.919948
0.920249
0.844249
0.739342
0.776121
0.921743
0.640829
0.65755
0.614009
0.661473
0.684978
0.744368
0.753017
0.702852
0.75877
0.77394
0.812612
0.77155
0.783692
0.880748
0.820022
0.809916
0.791278
0.891916
0.860514
0.841796
0.86749
0.902506
0.913562
0.903455
0.921843
0.991974
0.925978
0.933429
0.835755
0.834212
0.870788
0.941489
0.935952
0.941819
0.950478
0.934802
0.991897
0.941017
0.874463
0.963918
1.00899
0.903301
0.906955
0.952195
0.942258
0.83384
1.005
0.881821
0.920696
0.923853
0.966271
0.864376
0.87888
0.883519
0.920783
0.949734
0.945061
0.981423
0.932235
0.991974
0.966234
0.894429
0.964635
0.928512
0.942053
0.997859
0.893013
0.938375
0.981006
0.998904
0.903635
0.859533
0.987957
0.907678
0.904536
0.956539
0.875725
0.936273
0.942929
0.94564
0.983336
0.934811
0.895147
0.875245
0.938177
0.932726
1.00761
0.879821
0.939569
0.930473
0.960914
0.882472
0.922586
0.938861
0.953981
0.907364
0.953534
1.02955
0.895301
0.928995
0.983798
0.996613
0.904939
0.841057
1.00375
0.990396
0.995394
0.980942
0.943027
0.983248
0.9901
0.920637
1.04364
0.949481
0.942261
0.935261
0.962981
0.911464
0.961555
0.929974
1.01747
0.992981
0.98761
0.911827
0.913938
0.94747
0.988346
0.916785
0.961591
0.908204
0.887564
0.926918
0.948855
0.998157
0.976371
0.978621
0.943568
0.918559
0.944937
0.95693
0.991974
0.944791
1.01613
0.948198
1.01529
0.940676
0.917428
0.928135
0.980591
0.9999
0.891038
0.920253
0.931992
1.01399
0.968599
0.992979
0.985166
0.955508
0.99448
0.946006
0.948502
0.95446
0.983305
1.0147
0.980804
0.932923
1.01101
1.00051
0.905697
0.928587
0.944689
0.903192
0.931075
0.906059
0.981767
0.974906
0.971684
0.974019
0.942582
0.940849
1.00352
1.00527
0.927942
0.936279
0.977222
0.96501
0.856487
0.935968
1.02989
0.995336
0.88954
0.944067
0.98391
0.92513
0.945856
0.981654
0.88737
0.8644
0.911166
0.963295
0.971535
0.947713
1.01965
0.916246
0.966672
0.981208
0.967773
0.979503
0.945682
0.983203
0.904047
0.91327
1.0247
0.902525
0.89005
0.976287
1.00242
0.912679
0.922117
1.03302
0.973947
0.988361
0.961005
0.99731
0.966648
0.944768
0.979455
1.01517
0.958677
0.974638
0.995841
0.940289
1.00446
0.986935
0.946335
0.944467
0.976606
1.02208
1.00402
0.963052
0.932916
0.990602
0.937675
0.991541
0.932241
0.99412
0.959293
0.970155
0.957149
0.971394
0.931532
0.926268
0.88425
0.902178
0.941108
0.919917
1.00493
0.976162
1.00677
0.897015
1.00077
1.00193
1.03517
0.964728
1.0067
0.979418
0.964058
0.961204
0.997509
0.924459
1.01265
1.04313
0.946554
0.965849
0.949362
0.942015
0.957124
1.02102
0.909205
1.00108
0.949118
0.907105
0.927246
1.03013
0.958623
1.00362
0.935861
0.990063
1.03425
0.907384
0.963558
0.990636
0.943367
1.01771
0.982447
0.915749
0.950565
0.947036
0.973312
0.952841
0.969872
0.92442
0.951814
1.01482
0.958347
0.940892
0.974974
0.969893
1.04614
0.890739
0.986833
1.00143
0.961125
1.08014
0.935279
0.961637
0.951139
0.946256
1.06964
0.930865
0.936397
0.934763
0.98229
0.914033
0.928691
0.970993
1.00157
0.895515
0.9794
1.00828
0.938263
1.00941
0.943612
0.985151
0.945057
0.951708
0.916823
0.925955
0.97115
1.02689
0.949501
0.96536
0.944064
0.975293
0.978527
1.01619
0.976072
0.923977
0.978319
0.97326
0.968138
0.970687
0.911769
0.972
1.00036
0.983536
0.957414
0.959593
0.914225
0.973807
0.925588
0.960364
0.990858
0.944006
0.939853
0.920061
0.974073
0.938372
0.953748
0.970286
0.995601
0.989231
0.959705
1.00038
0.993743
0.999622
0.931891
0.981112
0.966713
0.963093
0.937145
0.963651
0.969303
0.955559
1.00172
0.90991
0.9304
0.961212
0.949491
0.958985
0.982137
0.956655
1.00957
0.980936
0.960322
0.981298
1.01415
0.988147
0.989964
0.9331
0.952262
0.987954
0.966958
0.959264
0.94123
0.964726
0.982316
0.963706
0.986735
0.99727
1.00403
0.942698
0.984887
1.00939
0.974717
0.971445
1.01092
0.958053
0.956284
0.948332
1.00409
0.98325
0.976935
0.977118
1.01084
0.98489
0.991268
0.949724
1.05246
0.948995
0.967003
1.02432
0.978991
0.98098
0.955245
0.99572
0.985992
0.973388
0.996746
1.01112
1.02554
0.986121
0.994303
0.99856
0.971634
0.979581
1.04111
1.00753
0.961776
0.96095
0.985143
1.04431
0.991386
0.982316
1.01646
1.03534
1.01889
1.06633
0.983667
1.01662
0.989644
1.03206
1.02415
1.03811
1.00567
1.02793
1.00337
1.01702
0.958338
1.02117
1.04225
1.02984
0.988401
0.977382
1.05123
1.01298
1.05168
1.03896
0.963391
1.0109
1.03704
0.98669
1.0257
1.00846
1.02225
0.990311
0.988478
1.0206
1.01133
1.00495
1.01145
1.03897
1.01493
1.06887
1.07543
1.05159
1.12355
0.991751
1.08038
1.12444
1.07616
0.923541
0.865082
0.906268
1.00217
1.00796
0.847284
0.937256
1.06084
1.03715
0.997237
1.27094
1.0405
1.08998
1.16174
1.05171
1.03973
1.13861
1.01966
1.30933
1.04486
1.09346
1.11437
1.06249
0.953604
1.17284
1.08784
0.86129
0.992121
1.03926
0.877168
0.912767
1.08792
1.08494
1.02485
1.24677
1.03728
0.899893
0.942326
0.966609
1.16013
1.14245
1.13326
1.39557
1.0973
1.1565
1.20836
1.09261
1.03796
0.948786
0.954949
0.9672
1.08166
1.11678
0.935876
1.28402
0.984823
1.00341
1.01927
0.918556
1.05836
1.10629
0.959182
1.25152
0.982015
1.00044
1.05123
0.974752
1.07816
1.0599
0.803921
1.20126
0.918517
0.925182
1.05393
0.806819
1.05193
1.04029
0.99018
1.02353
0.975738
1.01599
0.991626
1.05112
0.968774
0.999912
0.944435
1.13111
0.89579
0.986373
1.07915
0.87538
1.06342
1.11378
1.02345
1.29003
0.82006
1.09506
1.13415
0.947267
1.07994
1.15274
0.872765
1.28733
0.991373
1.10238
1.09739
1.04401
1.00761
1.09581
1.01463
1.31204
0.974486
1.06594
1.15721
1.1087
1.019
1.26705
0.914449
1.08304
1.15891
0.991388
0.755685
0.772261
0.806394
0.811207
0.826614
0.836103
0.849229
0.852594
0.865277
0.86562
0.867035
0.879155
0.884007
0.88735
0.888894
0.893457
0.899149
0.900841
0.902039
0.902417
0.904016
0.905795
0.905897
0.908083
0.910752
0.910822
0.912677
0.917012
0.919143
0.919238
0.921666
0.922082
0.923241
0.923495
0.923742
0.925279
0.926378
0.926931
0.928962
0.929364
0.930757
0.93099
0.931172
0.931452
0.931886
0.932762
0.932876
0.933066
0.935705
0.936893
0.938029
0.938688
0.939789
0.940691
0.941258
0.941287
0.94134
0.941662
0.941978
0.943227
0.943511
0.943543
0.943902
0.944079
0.944295
0.944473
0.944552
0.9447
0.94492
0.945023
0.945542
0.947525
0.947637
0.947712
0.947781
0.947909
0.949775
0.950069
0.950939
0.950992
0.951688
0.95178
0.95242
0.952715
0.95289
0.953111
0.953477
0.953566
0.954127
0.954248
0.954287
0.954307
0.954624
0.954975
0.954987
0.955106
0.955285
0.955627
0.95604
0.956875
0.956893
0.956907
0.956944
0.957115
0.95816
0.958221
0.958487
0.958693
0.95916
0.959608
0.959812
0.960047
0.960828
0.960909
0.961029
0.961437
0.961683
0.961782
0.961927
0.962569
0.962984
0.963361
0.963532
0.963576
0.963833
0.964317
0.964487
0.964528
0.964542
0.965117
0.965134
0.965439
0.965776
0.966089
0.966222
0.966576
0.967227
0.967231
0.967268
0.967832
0.96785
0.967861
0.968177
0.968313
0.968428
0.968459
0.969099
0.969262
0.96932
0.969387
0.969741
0.970486
0.970601
0.970723
0.970988
0.971013
0.97115
0.971226
0.971227
0.971458
0.971805
0.971873
0.971909
0.972028
0.972337
0.972455
0.972742
0.973267
0.97376
0.973766
0.974115
0.974176
0.974287
0.974556
0.974924
0.975192
0.976142
0.976226
0.976408
0.976503
0.976681
0.976802
0.976916
0.976944
0.976967
0.977118
0.977173
0.977315
0.977491
0.977872
0.978059
0.978347
0.978496
0.978544
0.978619
0.978697
0.97874
0.97884
0.978936
0.979046
0.9793
0.979559
0.979604
0.980436
0.980547
0.980624
0.980855
0.980954
0.980983
0.981239
0.98126
0.981382
0.981642
0.981723
0.98292
0.983323
0.983416
0.983573
0.984013
0.984068
0.984177
0.984405
0.984414
0.984524
0.984585
0.984643
0.984692
0.9849
0.98498
0.985025
0.985219
0.985234
0.985281
0.985599
0.985752
0.986048
0.986099
0.986145
0.986289
0.986303
0.986536
0.986829
0.986829
0.987088
0.987107
0.987408
0.987463
0.987484
0.987555
0.987703
0.987717
0.987941
0.987985
0.988162
0.988331
0.988353
0.988813
0.98884
0.988911
0.989038
0.989193
0.989235
0.989284
0.989452
0.989567
0.989631
0.989759
0.990206
0.99049
0.990515
0.990519
0.990623
0.99066
0.990664
0.99154
0.991622
0.99165
0.991881
0.99232
0.99241
0.992514
0.992528
0.992566
0.992663
0.99278
0.993137
0.993277
0.993372
0.993837
0.993912
0.994063
0.994073
0.994132
0.994194
0.994373
0.994444
0.994629
0.994979
0.994994
0.995002
0.995186
0.995303
0.995409
0.995966
0.996247
0.996399
0.996419
0.996519
0.997052
0.997079
0.997095
0.997189
0.997524
0.997623
0.997692
0.997724
0.997756
0.997765
0.998273
0.998372
0.998797
0.999261
0.999412
0.999442
0.999868
1.00029
1.00098
1.00106
1.00172
1.00179
1.00197
1.00231
1.00263
1.0027
1.00277
1.00279
1.00302
1.00307
1.0032
1.00364
1.00378
1.00384
1.00398
1.00401
1.00404
1.00491
1.00548
1.00573
1.00584
1.00588
1.00589
1.0059
1.00594
1.00616
1.00628
1.00743
1.00746
1.00763
1.00785
1.00791
1.00805
1.00808
1.00818
1.00823
1.00826
1.00856
1.00897
1.00903
1.00913
1.00942
1.00954
1.00974
1.01009
1.01019
1.01021
1.01028
1.01046
1.011
1.01114
1.01142
1.01161
1.01164
1.01191
1.01212
1.01339
1.01422
1.01423
1.01431
1.01451
1.01618
1.01632
1.01632
1.01646
1.01678
1.01683
1.01685
1.01766
1.01769
1.01777
1.01828
1.01841
1.01903
1.01907
1.01913
1.01928
1.01972
1.01988
1.02006
1.02009
1.02015
1.02027
1.02066
1.02088
1.02141
1.02156
1.02248
1.02275
1.02281
1.02332
1.02337
1.02381
1.02394
1.02492
1.02532
1.02659
1.02663
1.02802
1.02869
1.02884
1.02889
1.02923
1.02947
1.02965
1.03004
1.0306
1.03082
1.03187
1.03245
1.03286
1.03332
1.03376
1.03399
1.03405
1.03407
1.03504
1.0355
1.03556
1.03603
1.03657
1.03673
1.03674
1.03708
1.03773
1.03814
1.03834
1.03849
1.03915
1.03965
1.04114
1.04124
1.04142
1.04212
1.04212
1.04263
1.04392
1.04398
1.04493
1.0455
1.04623
1.04699
1.04734
1.04741
1.04822
1.04942
1.05
1.05095
1.05231
1.05291
1.05397
1.05687
1.0574
1.06018
1.06044
1.06255
1.06471
1.06896
1.07306
1.09019
1.09831
1.10226
1.11005
1.16375
1.2214
0.9707
1.04886
1.14745
1.19805
1.10971
1.23802
0.750655
0.796318
0.834311
0.895083
1.00336
1.00934
1.01328
1.01664
1.1267
0.917845
0.844138
0.880941
0.934501
0.967634
1.12264
1.13422
1.20032
0.839272
1.03418
1.04747
1.13904
1.14253
1.15577
1.1818
1.1192
1.26531
1.03605
1.05951
1.09726
1.0987
1.10677
1.15128
1.19384
1.23391
1.00371
1.08496
1.08949
1.09157
1.11013
1.1142
1.15035
1.25351
1.09191
0.951048
1.02491
1.0421
1.05094
1.09502
1.14905
1.09972
0.983819
1.00967
1.05293
1.09735
1.12765
1.15371
1.15483
1.25625
1.02487
1.05986
1.06291
1.12261
1.15269
1.1539
1.22811
1.3082
1.11503
1.05847
1.22851
1.03745
1.17443
1.04408
1.08773
1.14124
1.01433
1.04035
1.07303
1.07508
1.09354
1.22052
1.28955
1.10231
1.07064
1.18516
1.02541
1.32128
1.14728
1.07011
1.09658
1.13868
1.1423
1.29768
1.11249
1.07616
1.04009
1.15301
1.20796
1.16072
0.958625
1.10973
1.11548
1.29922
1.10098
1.08802
1.06028
1.14966
1.20527
1.09109
1.01105
1.10198
1.20784
1.12075
1.05433
0.890725
1.23045
1.13819
1.04012
1.09996
1.18304
1.16293
1.0573
1.1566
1.17839
0.64203
0.813316
0.848104
0.800839
0.877071
0.887161
0.90145
0.930638
0.878752
0.888375
0.926673
0.90758
0.923235
0.903633
0.925457
0.991574
0.909546
0.901868
0.914479
0.915001
0.912388
0.977877
0.936132
0.910311
0.959028
0.896016
0.939693
0.943026
0.959735
0.980479
0.903627
0.937673
0.939301
0.945495
0.929723
0.979901
0.93716
0.954078
0.941224
0.959395
0.93468
0.929498
1.01663
0.986311
0.952064
0.947365
0.932611
0.915395
0.979332
0.942912
0.908218
0.930534
0.877931
0.980992
0.948781
1.00089
0.914633
0.943655
0.977247
0.943185
0.95512
0.975494
0.973349
0.923717
0.951529
0.950851
0.954684
0.924207
0.989816
0.974289
0.975621
0.94979
0.987894
0.93868
0.879375
0.975332
0.983783
0.986527
0.964445
0.944955
0.978564
0.936405
1.01376
0.988534
0.986221
1.00566
0.976083
0.993033
0.944524
0.974046
0.97798
0.973483
0.992629
0.981327
1.00035
0.924064
0.963381
0.952072
0.950516
1.00091
0.948388
0.962273
0.9752
0.920932
0.953682
0.978167
0.979841
0.952146
1.01213
0.979702
0.954267
0.988413
1.01952
0.953265
0.997984
0.930387
0.980539
0.973824
0.998955
0.975419
1.00577
0.964535
0.988066
1.00751
0.949048
0.972177
1.01645
0.974199
0.974883
0.988872
1.02306
0.972759
0.960397
1.00414
1.02296
0.991492
0.976593
0.94979
0.969916
0.994093
0.973254
0.987403
0.999975
0.977007
0.981724
0.99586
1.01393
1.00065
0.982957
0.978055
0.98015
0.970202
0.979166
0.924706
0.981909
0.968245
0.955588
0.996047
1.0223
0.959208
0.964561
0.987104
0.984055
1.01594
0.965107
0.960866
0.999246
1.00059
1.00067
0.963274
0.991102
0.942761
0.999863
0.943923
1.00292
0.992609
0.990121
0.984614
0.89507
0.994438
0.940111
0.996258
0.985492
1.03918
0.984404
1.05315
1.02429
1.00597
0.994583
0.966676
0.991825
0.92645
0.919151
1.00682
0.984636
0.967158
1.00844
1.04145
0.975459
1.01134
0.975065
0.980495
0.990067
0.994328
0.979899
0.959764
1.01444
0.981803
0.981954
1.02188
0.901492
0.994009
0.985166
0.974883
0.995898
1.01904
1.0174
1.02557
0.990287
0.993782
1.00225
0.980302
1.00075
1.01597
0.979433
0.980111
0.934309
0.991256
0.967272
1.02436
1.01465
0.966799
1.00544
0.99073
1.01337
1.00366
1.00939
1.02037
1.03153
0.987991
0.942288
0.987485
0.989347
0.984852
0.989788
1.01329
0.97623
1.02118
0.995385
1.01107
0.988019
0.992477
1.0101
1.01157
1.02516
0.972277
1.00001
1.03446
0.989771
0.977745
1.03141
1.0022
1.00444
1.01444
1.00686
1.00175
1.03515
0.995217
0.960119
1.01422
0.984349
1.00231
1.05351
1.02654
1.02963
0.986561
0.959939
1.00939
1.04048
0.962646
1.0241
1.02779
1.03271
0.98921
0.991368
1.04113
1.01001
0.994893
1.03193
1.03461
1.03228
1.0284
1.00163
1.04069
1.01747
0.993715
1.03342
0.989225
0.994542
1.02269
1.02854
0.978704
1.03489
0.879071
0.987949
1.02535
0.994504
0.990244
0.98591
0.947949
1.00394
1.03161
0.885635
1.00362
1.02064
0.993701
0.980381
1.06872
1.02583
1.03306
1.00344
1.03026
1.04915
1.01647
1.0238
1.01781
1.00172
1.02708
1.03092
1.00108
1.01861
1.03531
1.01515
1.02256
1.00998
1.03199
1.07316
0.994648
1.03244
1.00089
1.00227
1.04542
1.04091
1.01905
0.992981
1.01086
0.988669
1.00871
0.999197
1.00866
1.00784
1.0095
1.03242
0.951927
0.964056
1.03382
1.04508
1.02262
1.04488
1.00756
1.02202
1.0321
1.01706
1.02299
1.03741
1.05891
1.02884
1.03071
1.02102
1.00188
0.970235
1.00667
1.02843
0.9846
1.0175
0.93339
1.00078
1.02675
0.990088
0.984704
0.996856
1.02114
1.04427
1.06242
1.02877
1.00478
1.02386
1.01872
1.05945
1.01034
1.0752
1.055
0.95399
1.02561
1.04503
1.00745
1.0307
1.02983
1.04228
1.01556
1.02703
1.00665
1.01597
1.03353
0.982646
1.00313
1.04558
1.00005
1.04179
0.996809
1.05677
1.00512
1.00846
1.00957
1.00511
1.04428
0.996171
1.04258
1.0015
1.01664
0.999289
1.02027
1.02593
0.988372
1.04597
1.00593
0.993984
1.02086
1.00059
1.06645
1.05106
1.03512
0.979124
1.03506
1.04209
1.00823
1.04148
1.07435
1.01963
1.02231
1.03814
1.0109
1.02883
1.01233
1.05117
0.991337
1.03023
1.02262
1.03268
1.03289
1.05377
1.01411
1.01176
1.02339
1.01212
1.04181
1.0161
1.00659
1.0237
1.00754
1.01002
1.03751
1.0613
1.06319
0.988555
1.02664
1.02457
1.05329
0.998236
1.03832
1.00232
1.02187
1.06281
1.056
1.02227
1.02946
1.04387
1.06197
1.08901
1.03655
1.01733
1.04521
1.08822
1.05591
1.03392
1.04426
1.01168
1.02135
1.07954
1.04443
1.04203
1.07581
1.07219
0.724778
0.777298
0.876359
0.856667
0.837252
0.81738
0.922424
0.962264
0.844268
0.968848
0.850889
0.942314
0.910313
0.997217
1.00308
0.933286
1.02257
0.945817
1.06737
0.970501
0.976635
1.01118
0.923229
0.974762
1.06937
1.04129
1.03358
0.90966
0.954505
1.00693
0.947867
1.01899
1.02238
0.984361
0.979523
0.97097
0.991933
0.953328
1.03817
1.03654
0.970092
1.08307
0.967017
1.08488
1.06699
0.98232
1.03199
1.01702
0.939434
1.00533
1.00304
0.907966
1.0398
1.08342
1.07898
1.07733
1.08046
1.0603
0.98642
0.997969
1.09236
1.04988
1.01304
0.987222
1.08502
0.993809
1.11718
0.960811
1.0859
1.04907
0.997104
1.10811
1.11309
1.0915
1.10089
1.07721
1.09381
1.11498
1.06056
1.01234
1.11557
1.09847
1.12039
1.03922
1.09165
1.0088
0.996602
1.05704
1.02465
1.06187
1.06139
1.03196
1.09097
1.13122
1.108
0.969014
1.00764
1.0103
1.00352
1.00794
1.04539
1.14163
1.10778
1.13536
0.999021
1.02895
1.11778
1.03906
1.04677
0.983525
1.21693
1.05251
1.03589
1.05491
0.909374
1.00907
0.953086
0.957505
1.06142
1.0961
1.12938
1.03596
0.908547
0.90239
0.883675
0.858133
0.848497
0.905527
0.70116
0.740644
0.745476
0.767156
0.768277
0.771176
0.775496
0.776075
0.778189
0.79234
0.795935
0.815563
0.8158
0.82264
0.822833
0.823502
0.823908
0.823991
0.8248
0.828099
0.82833
0.832992
0.83395
0.836034
0.836125
0.839647
0.841805
0.842264
0.846109
0.846297
0.847783
0.851215
0.851808
0.852271
0.853728
0.85395
0.854263
0.857835
0.85857
0.859126
0.860209
0.862484
0.862774
0.86313
0.863253
0.864826
0.865489
0.866433
0.870295
0.873317
0.87355
0.874737
0.87503
0.87518
0.875188
0.875725
0.875986
0.876229
0.876243
0.877478
0.878607
0.878967
0.879008
0.880516
0.880707
0.880956
0.881199
0.881267
0.881332
0.882607
0.883633
0.883862
0.884399
0.884611
0.885205
0.885224
0.885472
0.888998
0.889136
0.88976
0.890466
0.891071
0.891339
0.891569
0.892634
0.893448
0.893625
0.893973
0.894264
0.894835
0.895014
0.895044
0.895074
0.896572
0.89768
0.898351
0.898406
0.898595
0.898941
0.900173
0.900635
0.901771
0.902135
0.902241
0.902322
0.902327
0.902474
0.903443
0.903465
0.90406
0.904141
0.905335
0.90758
0.90767
0.907749
0.907839
0.908033
0.908134
0.909348
0.909624
0.909999
0.910384
0.910524
0.910623
0.910655
0.911413
0.911762
0.912161
0.912796
0.913142
0.913206
0.913386
0.91346
0.913977
0.914569
0.91504
0.915628
0.916446
0.916473
0.917587
0.917926
0.918418
0.918423
0.918512
0.918578
0.919224
0.919377
0.919923
0.920258
0.92034
0.920674
0.9211
0.921145
0.921317
0.921501
0.921511
0.921892
0.921897
0.922114
0.922405
0.922943
0.924066
0.92408
0.924168
0.924761
0.924936
0.925044
0.926102
0.926212
0.926387
0.927456
0.927701
0.928459
0.928665
0.928823
0.929252
0.929313
0.929726
0.929729
0.930227
0.930331
0.930402
0.930447
0.930639
0.931548
0.932106
0.932896
0.932919
0.933021
0.933074
0.933661
0.933721
0.934357
0.934402
0.935123
0.935834
0.936363
0.936718
0.937362
0.937381
0.937382
0.937413
0.937976
0.938463
0.939164
0.939347
0.939642
0.939956
0.940161
0.940179
0.940626
0.941013
0.941745
0.941968
0.941992
0.942181
0.942651
0.943535
0.944154
0.944727
0.945077
0.945189
0.945213
0.945237
0.945862
0.946188
0.946418
0.946558
0.94657
0.947121
0.947156
0.947445
0.947522
0.948479
0.948491
0.949072
0.949266
0.949517
0.949596
0.949807
0.949972
0.950779
0.951219
0.951461
0.952412
0.952486
0.952682
0.952734
0.952919
0.952948
0.953036
0.953127
0.953222
0.95326
0.953769
0.954487
0.954626
0.954743
0.95529
0.955297
0.955316
0.955611
0.956511
0.956619
0.956829
0.956883
0.957256
0.957669
0.957783
0.958555
0.958845
0.959177
0.959518
0.95961
0.959924
0.960372
0.960523
0.961066
0.961163
0.961517
0.962261
0.962374
0.962393
0.962525
0.962706
0.963502
0.963628
0.963792
0.963815
0.964007
0.964277
0.964705
0.964907
0.96491
0.964978
0.965
0.965135
0.965631
0.96592
0.966161
0.966267
0.967262
0.967392
0.967497
0.967837
0.968169
0.968267
0.968425
0.968447
0.968768
0.969765
0.969914
0.970118
0.97073
0.970773
0.971207
0.971426
0.971434
0.971604
0.972198
0.972501
0.972566
0.973069
0.973123
0.973692
0.973783
0.97558
0.976271
0.976824
0.976833
0.976889
0.977132
0.977508
0.977622
0.977692
0.977751
0.978406
0.978598
0.978847
0.979214
0.980081
0.980162
0.980241
0.980387
0.980652
0.980689
0.980695
0.980762
0.980927
0.981545
0.981672
0.98187
0.982285
0.983481
0.983489
0.98415
0.984846
0.985119
0.985317
0.985564
0.986457
0.986894
0.987032
0.987162
0.987546
0.987881
0.987991
0.988435
0.989762
0.989978
0.990472
0.990766
0.990889
0.990907
0.990971
0.991188
0.991479
0.991809
0.99182
0.991843
0.992566
0.993342
0.993488
0.994097
0.994468
0.995139
0.995689
0.996302
0.996927
0.99718
0.997372
0.997408
0.998456
0.998563
0.998743
0.998819
0.99886
0.999374
0.999913
1.00074
1.00082
1.00118
1.00152
1.00168
1.0017
1.00199
1.00205
1.00208
1.00208
1.00212
1.00397
1.00485
1.00513
1.00517
1.00685
1.007
1.00714
1.00755
1.00764
1.00775
1.00798
1.00911
1.00927
1.00942
1.0095
1.00972
1.01049
1.01054
1.01189
1.01215
1.0126
1.01291
1.01346
1.01361
1.01367
1.01485
1.01487
1.01516
1.01582
1.01651
1.01745
1.01758
1.01864
1.01899
1.01907
1.01974
1.0198
1.02075
1.02145
1.02219
1.02227
1.02252
1.02252
1.02285
1.02382
1.02387
1.02464
1.02539
1.02591
1.0264
1.02642
1.02749
1.02769
1.028
1.02806
1.02832
1.0308
1.03181
1.03309
1.0336
1.03364
1.03385
1.0344
1.03633
1.03707
1.04012
1.04122
1.04225
1.04379
1.04682
1.0481
1.05081
1.05097
1.05201
1.05265
1.05316
1.05363
1.05587
1.05651
1.05679
1.06834
1.08367
1.09658
