0.970018
0.931264
0.931264
0.957293
1.01196
0.988565
0.960444
0.869604
0.928697
0.94757
1.07475
0.957333
0.959834
0.989451
0.929491
0.973812
0.93904
0.960826
0.941495
0.966728
0.943624
0.859747
0.95696
0.916775
0.892793
0.949325
0.938569
0.880957
0.8834
0.866546
0.975383
0.93695
0.886833
0.901405
0.986234
0.972406
1.04227
0.934126
0.946733
0.947209
0.948025
0.990821
1.00544
0.935378
0.963459
0.972288
0.950151
1.02134
1.03124
0.957465
0.978844
1.00415
0.954424
0.997559
1.05352
0.937126
0.955019
1.03513
0.944717
1.03011
1.06894
0.932052
0.98987
1.06802
0.881256
0.941947
1.03234
0.831969
0.973425
1.01004
1.02106
1.06198
1.13775
0.974569
0.990579
0.995269
0.968525
1.00734
1.12013
0.996943
1.06618
0.989942
1.01584
1.06734
1.02507
1.04135
0.98149
1.13893
1.10099
1.05078
1.09193
0.969215
1.01784
0.990331
1.04996
1.05236
0.997181
1.0199
1.03657
1.04032
0.951834
1.07348
1.0248
0.99845
1.05461
0.988434
0.981643
1.15962
1.1332
0.970966
1.03135
1.02122
1.00408
1.18285
1.16142
1.15323
1.03336
1.05016
0.971764
1.01867
0.97979
1.01089
0.943702
0.905
1.00074
1.04627
1.01266
0.988061
0.910703
0.836019
0.95258
0.921661
0.926607
0.939498
0.944559
0.945214
0.963316
0.95911
0.939084
0.948365
0.992256
0.985916
0.950333
0.920322
0.968509
0.942634
1.03185
0.946201
0.982705
0.991116
0.98692
0.987225
0.971777
0.999461
1.05988
0.986999
0.827277
1.01443
1.00439
0.970729
0.944283
0.921772
0.911399
0.881289
1.00894
0.893934
0.919769
0.872202
0.877052
0.88817
0.892367
0.92521
0.926016
0.926305
0.930005
0.94254
0.947532
0.947831
0.958336
0.96822
0.974775
0.976397
0.978165
0.989676
0.992089
0.995784
0.998089
1.00257
1.00333
1.00605
1.00666
1.01175
1.01228
1.01473
1.02157
1.02555
1.02686
1.02692
1.02797
1.02963
1.0328
1.03308
1.03317
1.0344
1.03448
1.04044
1.04057
1.04359
1.04408
1.04723
1.04748
1.05703
1.06067
1.0659
1.06651
1.07477
1.07675
1.07898
1.12214
1.13848
0.773327
0.780407
0.786853
0.798047
0.800549
0.814592
0.82323
0.849651
0.852594
0.854992
0.865079
0.868765
0.871848
0.872449
0.872734
0.900668
0.907335
0.914402
0.917754
0.931143
0.949064
0.95162
0.955454
0.957948
0.961552
0.964597
0.965605
0.967459
0.968551
0.973419
0.975504
0.978053
0.983038
0.990429
0.997278
0.999867
0.999995
1.00437
1.00759
1.00985
1.01203
1.01266
1.02413
1.02572
1.04175
1.04341
1.04453
1.0462
1.08121
0.912285
1.05824
0.917554
0.915501
0.789501
0.880153
0.892929
0.904323
0.9084
0.9112
0.942535
0.948724
0.948844
0.949368
0.963268
0.971871
0.977251
0.980795
0.983512
0.984982
0.985366
0.986113
0.998748
1.00343
1.01785
1.03347
1.0372
1.04239
1.05356
1.05607
1.06318
1.0653
1.06543
1.06706
1.09495
1.09944
1.10158
0.804213
0.815243
0.818472
0.832548
0.833166
0.833558
0.848893
0.850189
0.858025
0.858488
0.86557
0.867907
0.87154
0.87555
0.881967
0.884207
0.888099
0.891008
0.893831
0.89718
0.901564
0.912432
0.917023
0.925825
0.941022
0.94363
0.946962
0.963817
0.964666
0.979528
0.990956
0.998913
1.02465
0.771554
0.844018
0.85429
0.85429
0.894851
0.898521
0.910265
0.913283
0.91991
0.921591
0.922765
0.928227
0.93338
0.93828
0.943636
0.945677
0.945813
0.95623
0.956714
0.963301
0.971768
0.972928
0.973208
0.977403
0.987127
0.987876
0.993241
0.996548
0.999099
1.00955
1.01326
1.02252
1.03008
1.03437
1.0427
0.862909
0.8883
0.895429
0.905498
0.90636
0.925517
0.929062
0.935117
0.935328
0.939411
0.956019
0.957706
0.962839
0.963413
0.968977
0.980757
0.98496
0.98828
0.989199
0.998423
1.00247
1.00619
1.00725
1.00938
1.01255
1.0177
1.01859
1.02124
1.03324
1.03819
1.04453
1.04891
1.06672
1.10317
1.14487
0.862793
0.875337
0.882782
0.883328
0.911203
0.915867
0.926902
0.933361
0.940997
0.942456
0.943444
0.944129
0.945496
0.946687
0.947335
0.949597
0.950771
0.963132
0.967522
0.974166
0.974239
0.975683
0.979137
0.979137
0.985259
0.985653
0.98812
0.991957
0.993792
0.998222
1.01882
1.02559
1.02693
1.02707
1.06341
0.849716
0.869883
0.875854
0.878953
0.886306
0.888871
0.889959
0.898222
0.905889
0.905901
0.91392
0.9144
0.918998
0.923819
0.931242
0.933604
0.939432
0.942946
0.948418
0.953303
0.955156
0.955532
0.955619
0.960139
0.963395
0.964391
0.972427
0.975231
0.977915
0.982919
0.996955
1.01374
1.02441
