0.951436
0.961966
1.07765
1.06049
0.975129
0.933543
0.99476
0.964306
1.04262
0.977024
0.937816
0.958651
0.930435
0.975565
0.915868
0.909948
0.915607
0.881611
0.950083
0.948226
0.977468
0.923253
0.938154
0.945969
0.943157
0.868063
0.925694
0.955471
0.927788
0.943305
0.978499
0.910054
0.887403
0.907949
0.981614
0.861792
0.93433
0.995525
1.00239
1.021
1.06716
0.945365
0.982679
0.993799
1.00744
1.00829
1.03963
0.857767
0.948614
1.00484
1.00158
1.04647
1.05965
1.0103
1.05761
1.07645
1.00795
1.03014
1.05483
0.827191
0.996804
1.03886
0.842437
0.904324
0.991399
0.988932
1.02875
1.052
0.987787
1.0488
1.04887
0.931636
1.01135
1.02833
0.937429
0.945626
1.04669
0.992141
1.12127
1.06194
1.006
1.00266
0.980998
1.08202
1.02576
0.895534
1.03468
0.969738
1.01499
0.992259
0.988749
0.927263
1.00728
1.07908
0.96171
1.03168
1.01617
0.995634
1.02204
1.05103
1.00485
0.971016
0.91467
0.98612
0.940001
1.16606
1.14569
0.979759
1.01043
0.999082
1.0204
1.20682
1.04956
1.06938
0.963989
1.04519
1.0765
0.917388
0.949572
1.02677
0.902889
1.00263
1.0934
0.98562
0.983478
0.900121
0.9158
0.905886
0.947088
0.928203
0.938197
1.00814
0.949968
0.950551
0.962937
0.907553
0.927847
1.00204
0.960807
0.985478
0.939443
0.913123
1.00265
0.929753
1.03015
0.907204
1.05108
1.00168
0.978766
1.00952
0.979812
1.05514
1.04624
0.978688
0.984862
1.02634
0.975112
0.876534
0.913766
0.922276
0.972609
0.882858
0.936489
0.941482
0.904334
0.91207
0.924755
0.932773
0.940148
0.945418
0.948609
0.956645
0.962513
0.968142
0.974371
0.982376
0.982887
0.984506
0.98635
0.987217
1.00154
1.00235
1.00653
1.00756
1.01379
1.01382
1.01772
1.01997
1.02002
1.02056
1.02117
1.02151
1.02274
1.02435
1.03277
1.03514
1.03706
1.0378
1.03821
1.0419
1.04615
1.04641
1.04949
1.05307
1.05358
1.05417
1.05424
1.05903
1.06058
1.06299
1.07089
1.07493
1.07765
1.07775
1.08048
1.12033
1.14431
1.19174
0.804915
0.854277
0.860148
0.876049
0.882936
0.884163
0.887211
0.887339
0.895609
0.898413
0.900779
0.904904
0.90717
0.914594
0.922859
0.929165
0.931135
0.935923
0.936628
0.946793
0.952868
0.953893
0.953912
0.954839
0.958593
0.959826
0.962776
0.965431
0.968735
0.979833
0.981407
0.982809
0.993351
0.99617
1.00014
1.00809
1.01081
1.0193
1.02252
1.02354
1.03509
1.03605
1.03666
1.03774
1.0561
1.06737
1.07607
1.08599
1.09995
1.00959
0.99025
0.883509
0.85456
0.847735
0.913025
0.929634
0.951106
0.951506
0.960947
0.962746
0.971774
0.973716
0.980016
0.990862
0.992787
0.994076
0.99757
1.00094
1.01127
1.01605
1.01879
1.01955
1.02243
1.02369
1.02821
1.03189
1.03301
1.0396
1.06414
1.066
1.06733
1.0716
1.07344
1.07599
1.09533
1.1334
0.831808
0.85653
0.856913
0.862122
0.863154
0.866587
0.866996
0.871701
0.881276
0.907014
0.911456
0.9315
0.945007
0.945719
0.946048
0.94789
0.948089
0.949658
0.951848
0.951861
0.952093
0.952299
0.953862
0.954471
0.954724
0.964987
0.966766
0.969727
0.973037
0.975949
0.988017
0.993125
0.99729
1.05189
0.774619
0.86974
0.895895
0.898388
0.910046
0.910063
0.910063
0.914137
0.915533
0.926578
0.927018
0.935587
0.935967
0.93913
0.943011
0.943768
0.944358
0.947244
0.953104
0.956928
0.965668
0.96951
0.97902
0.982688
0.984255
0.990885
0.998814
1.00004
1.00438
1.00865
1.03164
1.03207
1.03934
1.04781
1.08767
0.869701
0.881083
0.887537
0.908523
0.931526
0.933132
0.939267
0.94375
0.960798
0.961932
0.965079
0.973789
0.978939
0.980697
0.984083
0.987624
0.99545
0.996887
1.00227
1.00565
1.00909
1.01235
1.02049
1.02622
1.03455
1.04139
1.04593
1.05172
1.05181
1.06152
1.06233
1.07256
1.08358
1.09842
1.12507
0.794594
0.909716
0.944109
0.94502
0.946479
0.953097
0.95361
0.95461
0.959962
0.964342
0.967611
0.969511
0.971399
0.980505
0.981034
0.982604
0.983422
0.984276
0.984898
0.988421
0.994006
0.996793
1.00177
1.00207
1.01506
1.01836
1.01842
1.0185
1.02242
1.02911
1.03036
1.03232
1.03232
1.03492
1.06831
0.871776
0.8826
0.885473
0.89027
0.89075
0.892329
0.898326
0.913128
0.922326
0.922509
0.923829
0.929257
0.930268
0.931098
0.933242
0.934677
0.937805
0.941545
0.948204
0.948734
0.96338
0.96513
0.972486
0.975298
0.985106
0.985155
0.990509
0.99846
1.00515
1.01834
1.02712
1.03522
1.05564
