0.923885
0.938115
0.948084
1.07335
0.988801
0.95759
0.967936
1.00115
1.00028
0.90919
0.941925
0.909637
0.939885
0.924328
0.961027
0.927421
0.942659
0.957409
0.998139
0.888481
0.992457
0.946665
0.925739
0.978522
0.944225
0.964369
0.950287
0.938433
0.902084
0.925372
0.949451
0.951517
0.929987
0.956194
0.960543
1.00355
0.942404
0.96073
0.987759
1.00763
1.02067
1.02589
1.04809
0.982777
1.02374
1.06164
1.01491
1.02225
1.03187
0.874342
0.917302
1.04253
0.991697
1.03543
1.07786
0.991938
1.01783
1.02878
0.919199
0.969053
1.02307
0.952792
0.967207
1.03972
0.95117
0.999294
1.01737
0.982872
0.99751
1.02463
1.05759
1.07234
1.10598
0.921967
1.02441
1.04955
0.953973
1.04381
1.07513
1.10342
1.15147
0.987411
1.01307
1.03609
1.08944
0.994111
1.02372
0.985439
1.00525
0.996059
0.951351
1.00216
1.01255
0.98177
1.01437
1.00421
1.09847
1.06135
1.01702
1.01986
1.09828
0.995772
1.01509
0.960447
1.07843
0.996062
0.992514
0.966931
1.16113
1.02192
1.00686
1.0064
1.04626
0.989105
1.10207
0.965233
0.989216
0.919897
0.92918
1.07331
0.994292
0.985666
0.959699
0.89052
1.11018
0.987185
0.986023
0.997103
0.991806
0.983727
0.940853
0.911117
0.914685
0.930879
0.953938
0.98642
0.962814
0.901223
0.888386
1.00359
0.981024
0.927554
1.00692
0.947458
0.945673
0.967654
0.995449
0.976564
0.97421
0.975524
0.998983
0.805102
0.973179
0.986532
1.04403
0.994428
0.92508
0.949665
0.954347
0.941456
0.944077
0.982058
0.970829
0.979504
0.986702
0.898003
0.994739
0.95329
0.862796
0.922683
0.941047
0.952279
0.958726
0.960222
0.960885
0.962568
0.968489
0.972201
0.975041
0.984553
0.99736
0.997441
0.999787
1.00028
1.00668
1.00948
1.01221
1.01365
1.01886
1.02054
1.02077
1.02217
1.02303
1.02594
1.03712
1.03827
1.03898
1.04001
1.04102
1.04473
1.04774
1.05171
1.05284
1.05435
1.05491
1.05732
1.05806
1.06537
1.06588
1.06611
1.06715
1.06763
1.06805
1.07159
1.07247
1.08447
1.08662
1.08719
1.11178
1.13778
1.16859
1.18148
0.752778
0.797163
0.805842
0.81254
0.816554
0.826209
0.831155
0.833855
0.849115
0.855211
0.87599
0.877772
0.878292
0.889635
0.902322
0.909072
0.912013
0.934557
0.954291
0.955744
0.956609
0.962026
0.967506
0.96883
0.969041
0.969242
0.971282
0.973054
0.97555
0.976033
0.977654
0.978894
0.979113
0.983644
0.985469
0.989297
0.999447
1.00338
1.01689
1.02441
1.02682
1.02906
1.03398
1.0458
1.05128
1.05532
1.057
1.06296
1.07669
1.09394
0.960921
1.0395
0.990418
1.02385
0.871041
0.886766
0.944394
0.946178
0.966285
0.968465
0.969963
0.97272
0.974737
0.976298
0.981765
0.988747
1.00574
1.01345
1.01941
1.02283
1.03416
1.03908
1.03952
1.03978
1.04004
1.04027
1.04176
1.05233
1.05343
1.05494
1.05691
1.05737
1.06275
1.09743
1.10936
1.1094
1.11054
1.13786
0.764731
0.797871
0.822047
0.850155
0.851877
0.873712
0.875461
0.87671
0.878631
0.88348
0.8849
0.886506
0.890711
0.891862
0.892478
0.908178
0.908497
0.923385
0.931654
0.932075
0.933802
0.94191
0.948228
0.965145
0.965958
0.969733
0.981138
0.981679
0.98266
0.988296
0.994089
0.996006
1.00365
1.00718
1.02765
1.03698
0.802556
0.848088
0.85855
0.880065
0.88709
0.899722
0.901867
0.902495
0.90993
0.90993
0.912631
0.913407
0.929697
0.93528
0.935325
0.935862
0.941296
0.941415
0.955946
0.96958
0.97034
0.973919
0.980872
0.986289
0.987808
0.987818
0.991072
0.991673
0.99694
1.0054
1.00748
1.01298
1.03096
1.03237
1.04461
1.05122
0.863938
0.876009
0.913743
0.919726
0.927502
0.950992
0.967729
0.983656
0.986449
0.989379
0.992444
0.996246
0.998736
0.999232
1.00031
1.01095
1.01204
1.01536
1.02468
1.02521
1.02644
1.03097
1.03166
1.03721
1.03727
1.03728
1.03757
1.04694
1.04696
1.05526
1.06017
1.07276
1.07303
1.08107
1.08162
1.08667
0.895897
0.911809
0.921131
0.921466
0.946342
0.94703
0.947153
0.952418
0.955487
0.95819
0.975374
0.977013
0.977999
0.98043
0.980789
0.986264
0.988913
0.991523
0.994064
0.996886
0.9982
0.99886
1.00388
1.00463
1.00787
1.00851
1.01025
1.01482
1.01482
1.01765
1.0199
1.02146
1.02251
1.03213
1.04799
1.04967
0.812831
0.850549
0.876568
0.880395
0.882605
0.896477
0.905426
0.914449
0.917258
0.922956
0.923776
0.925683
0.930476
0.93585
0.937406
0.948457
0.949148
0.949273
0.949466
0.953637
0.956759
0.958012
0.959614
0.965528
0.97854
0.981901
0.983685
0.988477
0.993954
1.00534
1.00951
1.02236
1.04205
