0.946958
0.944141
0.933724
1.01797
1.03054
0.979382
0.955705
0.951541
0.999675
1.06076
0.929203
0.966724
0.962849
0.874675
0.975564
0.919939
0.963284
0.91702
0.914915
0.905905
0.874245
0.980615
0.971333
0.93165
0.914172
0.936986
0.916722
0.949522
0.94819
0.959217
1.00989
0.925767
0.924318
0.914364
0.922194
0.963043
0.895327
0.918449
0.991207
1.02386
1.03196
1.05081
0.832774
0.994369
1.09767
0.8966
0.974174
1.05843
0.95401
1.02787
1.02884
0.958221
1.01189
1.03221
0.982629
1.00353
1.03254
1.00306
1.02267
1.0323
0.900476
1.00342
1.03565
0.943835
0.986852
1.01471
0.946458
0.987178
1.05543
0.993233
1.05962
1.1254
0.941113
0.963062
1.02349
0.974995
1.00915
1.10042
1.02222
0.990289
0.98719
1.04057
1.01286
1.02129
1.07199
1.0859
1.05419
1.07078
1.01615
1.03149
0.982112
1.01521
1.00838
1.14793
1.02364
1.01509
1.06628
1.02858
0.975717
1.09416
1.05027
0.984692
0.962434
0.878924
0.941639
0.97554
1.18227
1.13055
1.0315
1.01859
1.02636
0.972948
1.16239
1.15037
1.15949
0.920451
0.972167
1.04003
0.905401
0.983782
0.986888
0.980665
1.11621
1.03562
1.07894
0.992741
1.00242
0.916518
0.963469
0.904345
0.961413
0.964104
0.995557
0.877204
0.979537
0.977884
0.957671
0.896442
0.886077
0.97708
0.962855
0.982514
0.937979
0.935713
0.928043
0.856819
0.996854
0.976831
1.01602
0.996478
0.948732
1.02472
0.918881
1.01408
0.984906
0.975106
1.00188
0.977795
0.947603
1.00018
1.04717
0.970847
0.933487
0.965071
0.946091
0.801959
0.902696
0.909351
0.91508
0.921976
0.936808
0.938664
0.938836
0.944227
0.94768
0.951728
0.95344
0.956576
0.964514
0.977554
0.987407
0.990048
0.990628
0.99331
0.994752
1.00033
1.00068
1.00135
1.00454
1.00529
1.00669
1.00675
1.01519
1.02298
1.02707
1.03187
1.03189
1.03411
1.03491
1.04176
1.0444
1.04463
1.04794
1.05549
1.06087
1.06158
1.06196
1.0632
1.06587
1.06607
1.07204
1.0726
1.08318
1.08553
1.10553
1.10962
1.11604
1.13252
1.14677
0.746171
0.809243
0.809381
0.81871
0.823455
0.824571
0.868003
0.881099
0.881677
0.889957
0.892323
0.896607
0.899253
0.913812
0.916299
0.916601
0.918701
0.924514
0.930558
0.940738
0.941639
0.947216
0.948389
0.952237
0.952662
0.953135
0.962979
0.966418
0.970748
0.971883
0.979927
0.981755
0.981799
0.98388
0.988194
0.991031
0.992336
0.993004
0.993373
1.01018
1.0128
1.02908
1.03343
1.04324
1.05328
1.05412
1.05661
1.06166
1.07837
0.93766
1.03697
0.871401
0.98255
0.852401
0.888818
0.895194
0.900124
0.914326
0.916809
0.934705
0.936896
0.937107
0.944856
0.963867
0.970762
0.973531
0.981662
0.996736
1.00356
1.00884
1.00935
1.00935
1.01031
1.01612
1.01988
1.02286
1.02445
1.02958
1.03135
1.03829
1.04698
1.07262
1.07383
1.09208
1.09308
1.10365
0.822032
0.836068
0.842095
0.842192
0.848917
0.859047
0.860582
0.862164
0.871138
0.894036
0.894293
0.903784
0.906364
0.919736
0.920262
0.928017
0.928987
0.929
0.936251
0.944902
0.94637
0.946796
0.951256
0.951467
0.960223
0.964798
0.970652
0.973506
0.983017
0.983584
0.988083
0.996958
1.00923
1.04917
0.850381
0.869501
0.894201
0.895528
0.908565
0.933449
0.935702
0.939914
0.942101
0.945048
0.945048
0.94705
0.954589
0.964301
0.96867
0.970929
0.974224
0.978586
0.981052
0.986673
0.992544
0.993381
1.0001
1.00036
1.0005
1.00087
1.00216
1.00255
1.00927
1.01159
1.01874
1.02089
1.02983
1.06321
1.07498
0.8425
0.859325
0.93041
0.941375
0.955428
0.964402
0.966475
0.969453
0.981389
0.989173
0.992263
0.99498
0.999825
1.00174
1.003
1.00449
1.00506
1.00704
1.01667
1.0248
1.02832
1.03971
1.04373
1.04548
1.05441
1.05596
1.05597
1.0615
1.06337
1.07231
1.08406
1.08457
1.08716
1.10072
1.10249
0.885882
0.89979
0.906158
0.919877
0.924699
0.938025
0.9433
0.951754
0.954104
0.957887
0.957887
0.960281
0.97252
0.97364
0.981139
0.981197
0.981727
0.989947
0.992169
0.995213
0.998352
1.00018
1.00034
1.00206
1.01022
1.01293
1.01584
1.01987
1.02085
1.02175
1.02288
1.02339
1.02438
1.02683
1.02923
0.885539
0.886601
0.894121
0.908379
0.909974
0.91379
0.916371
0.920164
0.920391
0.934824
0.935006
0.941014
0.945799
0.946952
0.949171
0.949955
0.953205
0.954927
0.955402
0.956194
0.961849
0.964499
0.964572
0.969812
0.972029
0.972696
0.973596
0.97774
0.981744
0.981825
0.982366
0.983363
0.997347
