0.923542
0.882387
0.918472
1.03612
1.02723
0.896158
0.947334
0.962534
1.02734
1.05369
0.975672
0.936163
0.911486
0.974672
0.957514
0.92756
0.911167
0.941038
0.957823
0.955534
0.989065
0.90706
0.930604
0.958413
0.948525
0.950833
0.936642
0.89759
0.934739
0.944055
0.964754
0.896288
0.925618
0.980627
0.877839
0.997875
0.934535
0.93542
0.958512
1.00193
1.02595
1.04603
0.881799
1.01402
1.05723
1.02266
1.03142
1.03447
0.958641
1.025
1.08203
1.00981
1.01014
1.04619
1.02347
1.02671
1.0315
0.909324
1.01478
1.01497
1.01191
1.0185
1.07029
0.929193
0.979495
1.01377
1.00215
1.02142
1.04129
0.988275
1.02827
1.07888
0.895109
1.03949
1.09172
0.996855
1.01108
1.07807
0.978213
1.07344
1.02011
0.940246
0.988555
1.00161
1.1661
0.958066
1.06907
1.03262
1.16168
0.992822
1.02858
0.997845
0.951212
1.00481
0.950098
1.02861
1.05622
1.0786
0.992075
1.05953
1.07531
1.01427
0.976457
1.03106
0.980835
0.968093
1.04524
1.17212
0.996742
1.05845
1.06935
1.00695
1.09946
1.13546
1.14587
1.00468
1.0459
1.11371
1.06156
0.980567
0.914954
1.00088
1.09361
0.979234
1.04137
0.961782
1.04737
1.00336
0.929014
1.00597
0.954046
0.890878
0.931973
0.964512
0.956503
0.946487
0.962733
0.97555
0.824863
0.964015
0.939908
1.03323
0.999199
0.96997
1.03041
0.98809
1.02987
1.00853
1.00967
1.01737
0.974268
1.00439
1.03509
1.04502
0.955502
0.840289
0.998817
1.01136
0.937528
0.878985
1.03591
0.90336
0.931507
0.982392
0.942395
0.975511
0.83133
0.878176
0.931602
0.933415
0.938104
0.944115
0.953862
0.961929
0.963259
0.966207
0.986512
0.993147
0.997983
0.998611
1.00139
1.00344
1.00673
1.01097
1.01525
1.01526
1.01604
1.0165
1.01974
1.01975
1.01984
1.02011
1.02313
1.02435
1.02761
1.03414
1.0375
1.03809
1.03992
1.04022
1.04083
1.04203
1.04424
1.04902
1.0566
1.05903
1.05971
1.06171
1.06369
1.06446
1.06466
1.065
1.06667
1.06698
1.09806
1.09911
1.09965
1.10819
1.16965
0.819006
0.834263
0.845132
0.855185
0.855893
0.856854
0.86851
0.872563
0.877882
0.878516
0.879083
0.887193
0.896137
0.900691
0.902841
0.904168
0.931122
0.93731
0.941295
0.951618
0.965229
0.966434
0.966478
0.97169
0.972955
0.976759
0.977861
0.984912
0.989055
0.993852
0.994864
0.998108
0.998623
1.00049
1.00307
1.00312
1.00504
1.00725
1.01895
1.02468
1.03918
1.05025
1.05523
1.05723
1.05742
1.06149
1.0654
1.07256
1.07423
1.07367
1.03249
0.95684
0.957317
0.881719
0.901433
0.907952
0.928308
0.931259
0.938199
0.968767
0.968956
0.978784
0.980838
0.984302
0.989141
0.990129
0.995665
1.00443
1.00516
1.00655
1.01021
1.01076
1.0156
1.02334
1.03967
1.04075
1.04309
1.05097
1.05868
1.06729
1.07707
1.0779
1.08028
1.09103
1.09282
1.11831
0.815499
0.820198
0.833759
0.839008
0.842
0.843359
0.845382
0.84774
0.849109
0.852252
0.867327
0.867856
0.871757
0.877367
0.878768
0.880725
0.889539
0.89973
0.902424
0.92158
0.927363
0.930251
0.930302
0.948173
0.949977
0.954685
0.955695
0.958843
0.969725
0.969775
0.975404
1.00156
1.01382
1.07316
0.847007
0.849647
0.866899
0.86884
0.87021
0.884277
0.884878
0.903544
0.911878
0.914053
0.914053
0.926075
0.927259
0.933344
0.944262
0.945094
0.947385
0.954788
0.96312
0.977825
0.985167
0.985472
0.987543
0.990233
0.991675
0.996092
0.996668
1.00137
1.0083
1.01578
1.02122
1.02731
1.0349
1.04198
1.09101
0.853248
0.884103
0.898558
0.903053
0.921759
0.925678
0.951357
0.953829
0.95672
0.971056
0.974064
0.977704
0.979714
0.990105
0.990398
1.00435
1.00487
1.00636
1.00986
1.01251
1.01344
1.01937
1.0213
1.02935
1.02961
1.03045
1.0308
1.04889
1.0494
1.04992
1.05469
1.05567
1.05808
1.05957
1.08224
0.884164
0.911016
0.914735
0.920133
0.922059
0.922059
0.929886
0.937006
0.938701
0.943179
0.945003
0.948429
0.949112
0.952595
0.95283
0.952928
0.957243
0.957799
0.961815
0.965989
0.973742
0.975517
0.977029
0.977169
0.980783
0.98128
0.981687
0.986218
0.986298
0.994825
1.02638
1.04817
1.04883
1.04894
1.06491
0.875309
0.879738
0.892307
0.896666
0.90569
0.905773
0.909928
0.913507
0.914049
0.923366
0.925398
0.925958
0.932259
0.932931
0.935409
0.935988
0.93918
0.94
0.940529
0.948766
0.952958
0.957299
0.958807
0.961795
0.963068
0.970882
0.97149
0.973762
0.977155
0.993185
1.00186
1.01016
1.02438
