0.990669
0.929939
0.93129
1.01382
1.04608
0.961417
0.938944
0.991795
1.07424
1.04186
0.950221
0.957045
1.01344
0.936632
0.960195
0.945828
0.962474
0.94225
0.934658
0.909817
1.09053
0.910916
0.990233
0.921007
0.963777
0.981082
0.973678
0.952661
0.916676
0.960819
0.925519
0.952599
0.966699
1.0017
0.947683
0.97357
0.967703
0.945896
0.946172
0.948328
0.970914
1.00548
1.03303
0.965284
1.01225
1.0176
1.01115
1.0419
1.04634
1.01673
1.02618
1.03406
0.997029
0.999082
1.00535
0.924422
0.955733
1.05298
0.912648
0.979464
1.08259
0.97085
1.01401
1.02638
0.994068
1.02702
1.02843
0.982916
1.02486
1.03355
1.0067
1.12373
1.14665
0.924852
1.00246
1.00273
0.913123
1.03775
1.0663
1.05974
1.14988
1.03281
1.03619
1.02578
1.01323
1.10401
0.996452
0.954543
1.01275
1.06326
1.06905
0.99426
1.03093
1.09042
1.02996
1.01779
1.00912
1.11666
1.07725
1.00571
1.04927
0.965316
0.932561
0.964289
1.03967
1.07788
1.06705
1.0569
1.00688
1.16771
1.01224
1.00121
0.978546
0.938554
1.00427
1.1014
0.969142
1.01084
1.00126
0.955412
0.950285
0.975935
1.0313
1.04199
1.00358
1.11152
0.981022
1.00365
1.01421
0.998672
0.878146
0.949571
0.898523
0.98541
0.989459
0.951233
0.852582
1.04408
0.947537
0.996751
0.959005
1.04157
0.951928
0.930083
0.953216
1.03662
0.950735
0.961804
0.954468
0.93783
1.04901
0.997748
0.785677
0.960283
0.991733
1.02954
0.997576
0.982825
0.995846
0.95966
0.953036
1.00902
0.98882
0.972928
0.99204
0.946262
0.969675
0.967348
0.873316
0.912036
0.917844
0.920699
0.931903
0.931957
0.936196
0.939111
0.945483
0.951086
0.965794
0.972365
0.988031
0.992276
0.993214
0.994487
0.995366
0.996225
0.996283
1.00058
1.00188
1.0072
1.00751
1.0097
1.01187
1.01273
1.01319
1.01544
1.02667
1.03096
1.03145
1.03373
1.03546
1.03629
1.04166
1.05232
1.05417
1.05662
1.06205
1.06441
1.06449
1.07073
1.07304
1.08357
1.08369
1.08371
1.08799
1.08823
1.09378
1.09471
1.11956
1.12392
1.13845
1.14461
1.18562
0.64191
0.801752
0.810285
0.834079
0.847163
0.848569
0.849826
0.85269
0.861215
0.871707
0.882973
0.885711
0.888438
0.891322
0.896413
0.897493
0.901085
0.904642
0.911012
0.920017
0.93111
0.934886
0.937689
0.956235
0.958579
0.961202
0.986086
0.989168
0.991523
0.998725
1.00312
1.00382
1.00656
1.00812
1.00929
1.01039
1.01044
1.0108
1.01538
1.02051
1.02311
1.02885
1.03045
1.03919
1.04062
1.04494
1.05592
1.06354
1.09402
1.09487
0.933721
0.922506
0.826199
1.00415
0.822606
0.828952
0.829105
0.903106
0.917358
0.928064
0.928419
0.941515
0.943535
0.953914
0.954444
0.962827
0.974398
0.981993
0.986958
0.993608
0.996344
1.00728
1.01178
1.01664
1.01919
1.0261
1.03512
1.04261
1.05661
1.06294
1.06641
1.07102
1.07458
1.07605
1.08211
1.10138
1.11717
1.11845
0.80127
0.801596
0.819688
0.834081
0.854957
0.869589
0.876392
0.877257
0.882799
0.888128
0.890641
0.900343
0.905017
0.905728
0.907939
0.918711
0.920991
0.935717
0.93804
0.941809
0.948545
0.952626
0.961934
0.965409
0.972287
0.977692
0.987466
0.989559
0.997741
1.00148
1.00157
1.0047
1.00582
1.01383
1.01685
1.03226
0.865629
0.883515
0.88726
0.890225
0.893355
0.893355
0.904079
0.934256
0.945591
0.954057
0.957719
0.963009
0.967167
0.973604
0.973714
0.976709
0.980953
0.983495
0.984102
0.986648
0.99063
0.997106
1.00116
1.01195
1.01379
1.01422
1.01559
1.02527
1.03004
1.03088
1.03331
1.03514
1.03605
1.03756
1.05741
1.07355
0.847589
0.860572
0.886318
0.892971
0.899361
0.905711
0.908847
0.913648
0.918239
0.941334
0.958749
0.960715
0.977832
0.97882
0.985023
0.985399
0.996893
1.00573
1.01477
1.01816
1.01881
1.02036
1.02129
1.0337
1.03638
1.03654
1.04352
1.04622
1.04667
1.04831
1.04872
1.05967
1.06889
1.07273
1.07757
1.09668
0.917508
0.919805
0.928669
0.933965
0.941769
0.944634
0.954389
0.956851
0.960074
0.967701
0.96865
0.986226
0.98722
0.994125
0.994286
0.994286
0.994927
0.994929
0.995445
0.995619
0.996606
0.996668
1.00763
1.01503
1.01669
1.01747
1.02122
1.0267
1.02774
1.03321
1.03426
1.03673
1.03828
1.03946
1.06018
1.08294
0.849597
0.856859
0.879218
0.893666
0.894087
0.897751
0.90199
0.910582
0.912347
0.916583
0.935754
0.936829
0.949067
0.954896
0.957835
0.957935
0.961208
0.967727
0.96797
0.968388
0.973037
0.976711
0.979694
0.98624
0.989394
0.992648
0.993949
0.996743
0.996935
0.999067
1.00059
1.01278
1.02517
1.03051
