0.942052
0.954034
0.951144
1.04478
1.02739
0.957125
0.934919
1.00413
0.961833
1.05032
0.929764
0.929076
0.943268
0.946279
0.944634
0.936533
0.964654
0.945358
0.971971
1.04621
0.972438
0.966032
0.962799
0.95528
0.949586
0.899985
0.92763
0.917139
0.971402
0.907244
1.00401
0.884696
0.885203
0.988512
0.960494
0.897609
0.96919
0.906145
0.945938
1.00359
1.00608
1.03982
1.0517
0.91445
0.991014
0.995252
0.954252
0.979579
0.9845
0.879338
1.01285
1.04723
0.997589
1.01669
1.02961
0.924302
1.01374
1.03602
1.00998
1.01161
1.02379
0.98896
1.01216
1.03486
1.00286
1.02752
1.05082
0.822115
0.987232
1.05536
0.976426
1.03918
1.11861
0.933325
1.01153
1.0278
0.941228
0.980085
1.05198
1.04749
1.13768
0.947802
0.984091
1.05181
1.05643
1.01585
1.09806
1.0327
0.986423
1.00495
1.05659
1.11747
0.992216
1.09076
1.0638
1.05772
0.972596
1.06321
0.978836
1.01067
1.09617
1.01419
1.02383
0.982968
1.06316
1.13355
1.05408
0.969746
0.99986
1.16474
1.04275
0.942929
1.01468
1.04759
0.974924
1.21041
0.995067
0.982253
0.98903
1.02482
1.00653
0.964094
0.93767
1.11774
0.978756
1.02186
1.05479
0.99845
1.02792
0.93452
0.913828
0.88079
0.98085
0.942936
0.920667
0.897897
1.00251
0.965045
0.922476
0.935126
1.0048
0.95905
0.980346
0.896298
0.932175
1.00508
0.916115
0.978015
0.954056
1.05715
0.873855
0.983019
1.05087
0.987194
1.00246
0.986283
1.09174
1.0265
0.970992
1.00981
0.934208
0.904116
0.965272
0.956381
1.00569
0.950853
0.951318
0.957505
0.971617
0.841898
0.849124
0.876445
0.896699
0.906472
0.945771
0.963712
0.970166
0.970538
0.97201
0.972097
0.979341
0.979352
0.979504
0.981157
0.99311
0.994869
0.997126
1.00169
1.00577
1.0082
1.00885
1.00931
1.01281
1.01602
1.01831
1.02335
1.02461
1.02969
1.03388
1.03725
1.03894
1.04196
1.04239
1.04263
1.04378
1.04785
1.05087
1.05348
1.06186
1.06357
1.06418
1.0642
1.06971
1.0702
1.07113
1.07413
1.07849
1.07883
1.0837
1.13301
1.13733
1.16726
1.16831
0.770311
0.784941
0.819044
0.826705
0.838693
0.841785
0.846464
0.861196
0.86775
0.88152
0.881829
0.88763
0.889736
0.8942
0.905968
0.908677
0.912964
0.916235
0.924092
0.933271
0.934102
0.940964
0.945719
0.954451
0.960933
0.967673
0.969233
0.970104
0.974664
0.979968
0.982487
0.989206
0.994758
0.99931
1.00076
1.00286
1.00411
1.00696
1.00704
1.00984
1.01237
1.01327
1.02246
1.0285
1.04017
1.04286
1.04732
1.05248
1.06113
1.07911
0.866983
1.05501
0.902049
0.971668
0.910395
0.922349
0.923355
0.935958
0.940849
0.949332
0.962167
0.966799
0.967436
0.968369
0.974798
0.985513
0.993898
1.00579
1.00669
1.0083
1.01603
1.03027
1.0309
1.03438
1.03465
1.03581
1.03649
1.0409
1.0484
1.05769
1.07274
1.09927
1.1034
1.10543
1.11231
1.11438
1.13326
0.832554
0.834019
0.843357
0.844829
0.845833
0.84932
0.850288
0.854968
0.860781
0.861562
0.870991
0.871609
0.883109
0.884008
0.884236
0.905792
0.906561
0.907038
0.913532
0.920409
0.924432
0.943447
0.956012
0.968469
0.97005
0.970488
0.977986
0.979543
0.982097
0.985188
0.989968
0.99418
0.994319
1.05616
1.05749
0.819443
0.846556
0.857486
0.868297
0.881277
0.886062
0.896916
0.900658
0.905329
0.906111
0.913241
0.915973
0.923099
0.925409
0.929357
0.93943
0.941453
0.946387
0.95212
0.961556
0.961556
0.968404
0.982953
0.983698
1.00304
1.00598
1.00895
1.00975
1.01185
1.01383
1.01546
1.01756
1.04509
1.04953
1.07024
1.07639
0.836135
0.85888
0.896602
0.935057
0.938384
0.941544
0.948135
0.951448
0.953245
0.955179
0.966204
0.966624
0.967257
0.970776
0.972452
0.976716
0.987757
0.993687
0.996938
1.00112
1.00695
1.00916
1.01034
1.01827
1.01941
1.02694
1.03052
1.03452
1.03502
1.03672
1.04339
1.06176
1.08088
1.0971
1.12769
1.16824
0.892282
0.899715
0.90101
0.909171
0.919617
0.919751
0.929564
0.942826
0.945181
0.956919
0.959188
0.968173
0.96885
0.969317
0.969744
0.970437
0.975032
0.982619
0.98741
0.989088
0.989509
0.991574
0.998455
1.00102
1.00196
1.00351
1.00372
1.00433
1.00978
1.01557
1.01562
1.02212
1.02556
1.02556
1.05606
1.08384
0.823168
0.883443
0.883929
0.8849
0.890486
0.894861
0.89505
0.913162
0.922845
0.928421
0.93388
0.937807
0.947009
0.947091
0.954624
0.955469
0.957593
0.961909
0.966392
0.969913
0.970694
0.971564
0.98226
0.982797
0.986961
0.987785
0.988209
0.994556
0.994801
1.00081
1.00929
1.01593
1.01915
1.02548
