0.861067
0.878514
0.94747
0.993942
1.00664
1.04538
0.846064
1.0099
1.0578
1.00891
1.01451
1.03078
0.828526
1.00984
1.04357
0.944904
1.01866
1.05332
0.959911
0.966315
1.01146
0.971357
1.00455
1.02212
1.01518
1.01832
1.02291
1.01075
1.0123
1.03275
0.923139
1.0202
1.05373
1.01506
1.08815
1.10471
0.943216
1.03618
1.0477
1.00637
1.04892
1.0734
1.13591
1.1693
0.961193
1.03965
0.989288
1.02834
1.11831
0.949831
0.98896
0.93635
0.954032
1.04017
0.972387
0.944927
0.981284
1.01169
1.04782
0.974705
0.957227
1.07095
0.940027
1.10067
1.00918
1.0538
0.987439
0.993587
1.02454
0.933449
0.963122
0.974488
1.11721
0.985903
1.06868
1.03343
0.956888
0.957222
1.15467
1.02488
0.910969
0.951903
1.00745
1.05683
0.940342
0.974004
0.980697
1.11002
1.04692
1.00539
0.943661
1.02084
1.04914
0.910623
0.965371
0.897243
0.953768
0.884613
0.945335
0.948696
0.99135
0.98108
0.995772
0.948967
0.936263
0.954069
1.00425
0.9097
0.958398
0.987095
0.921529
0.952837
0.973223
1.00968
0.902565
0.924173
0.947625
1.0314
0.963122
1.08875
1.0093
1.01788
1.00373
0.983406
0.971756
1.00367
0.98138
0.92837
0.985752
0.985675
0.969525
0.953394
0.820092
0.88066
0.930445
0.935644
0.945029
0.953188
0.955597
0.971657
0.976595
0.983318
0.984213
0.986797
0.987796
0.992897
1.00529
1.00819
1.0099
1.01006
1.01602
1.02634
1.02938
1.02946
1.03431
1.03462
1.0389
1.04212
1.04596
1.0466
1.04824
1.04868
1.05103
1.05117
1.05434
1.05877
1.06146
1.06216
1.06306
1.06437
1.06491
1.06962
1.06971
1.07171
1.07561
1.07852
1.08103
1.08907
1.09406
1.09554
1.10472
1.12349
1.15281
1.16527
1.17272
1.17521
0.778957
0.800186
0.818644
0.819122
0.823717
0.83165
0.843186
0.859684
0.861872
0.888836
0.893681
0.894218
0.908203
0.910945
0.915953
0.91618
0.91721
0.934469
0.937547
0.94095
0.950584
0.964509
0.967507
0.967531
0.96872
0.971476
0.972053
0.98908
0.991804
0.994823
1.00264
1.00499
1.00572
1.00677
1.00935
1.00974
1.00988
1.01395
1.01737
1.02161
1.02577
1.02878
1.0438
1.05029
1.05089
1.06037
1.07658
1.09192
1.09907
1.09919
1.03581
0.993429
0.827678
1.0317
0.848627
0.859687
0.889262
0.900999
0.925285
0.93277
0.951559
0.954582
0.963838
0.970307
0.986592
0.987746
0.989854
0.993186
0.997314
1.00876
1.01614
1.02588
1.02863
1.03746
1.04398
1.04677
1.04688
1.0528
1.05323
1.05404
1.05723
1.06145
1.07757
1.08919
1.08974
1.10512
1.10562
1.13096
1.13415
0.828895
0.841385
0.849596
0.854869
0.856095
0.857894
0.860124
0.861983
0.864712
0.866705
0.870061
0.871949
0.876737
0.881742
0.886274
0.904102
0.906383
0.912187
0.918845
0.923664
0.926256
0.934721
0.952635
0.960583
0.961444
0.962521
0.968757
0.970676
0.974575
0.994624
1.00198
1.01638
1.02942
1.03203
1.05056
1.05653
0.845548
0.86917
0.905202
0.914159
0.915565
0.918936
0.926322
0.927484
0.936166
0.936166
0.938179
0.939889
0.94005
0.944366
0.945937
0.949025
0.952759
0.95726
0.961019
0.96489
0.966956
0.968193
0.970454
0.981071
0.986617
1.00058
1.00159
1.00816
1.01475
1.01755
1.02422
1.02817
1.03077
1.06979
1.07062
1.07441
0.853263
0.901509
0.909818
0.937365
0.940543
0.944428
0.957902
0.963871
0.964156
0.975818
0.982279
0.988535
0.989889
0.993222
0.99847
0.999264
1.00847
1.01594
1.01972
1.02484
1.02821
1.03494
1.03881
1.04255
1.04346
1.04737
1.048
1.05463
1.07451
1.07746
1.07803
1.07831
1.07962
1.08088
1.10129
1.13593
0.856415
0.893843
0.90494
0.913812
0.917525
0.927861
0.930184
0.930184
0.944212
0.951235
0.960674
0.960714
0.962467
0.964177
0.965086
0.966804
0.970877
0.976384
0.981481
0.982215
0.988494
0.992135
0.994927
0.998513
1.00205
1.00422
1.01173
1.01261
1.01274
1.01747
1.02116
1.04284
1.04307
1.04469
1.07601
1.10937
0.841572
0.869867
0.892107
0.905664
0.907441
0.915389
0.927914
0.92943
0.92974
0.936151
0.936486
0.948859
0.949462
0.951321
0.955486
0.96476
0.970946
0.974858
0.978358
0.978611
0.980502
0.982136
0.984625
0.985623
0.985664
0.989014
0.993437
0.998679
0.999852
1.00755
1.00782
1.02072
1.02213
1.04819
0.919911
0.922251
0.960398
1.01
1.03268
0.926297
0.959744
1.0193
1.02527
1.0253
0.97257
0.988682
0.958906
0.956458
0.966082
0.957941
0.877001
0.930204
1.01128
1.0062
0.994908
0.959939
0.96394
0.888074
0.943968
0.927005
0.990418
0.940113
0.927874
0.91
0.946411
0.948978
0.909246
0.949278
0.96747
1.0001
0.861382
