0.940529
0.959167
0.998999
1.00482
0.989039
1.08692
1.09405
1.14773
0.73078
0.86299
1.02141
0.992478
1.02578
1.06417
1.00404
1.1062
0.935826
0.973756
0.942205
0.973502
1.03016
1.02074
1.03881
0.991762
0.96178
0.877284
1.01182
1.0087
1.07762
1.04998
1.05507
1.0162
0.937056
0.982499
1.01458
1.01959
1.07452
0.998968
1.05207
1.05179
0.950246
0.946109
1.04159
1.13473
0.979577
0.84956
0.998969
0.975431
1.02895
1.14471
1.11842
1.12788
1.11161
1.17332
1.18755
0.864176
1.1519
1.12884
1.12532
1.07819
1.12537
1.19334
1.2218
1.10542
1.06394
1.0935
1.12601
1.10519
1.17345
1.17991
1.22368
1.08612
1.08535
1.13826
1.09612
1.05553
1.15233
1.14941
1.19795
1.03834
0.970586
1.12526
1.13486
1.12736
1.01069
1.22671
1.16085
1.08386
1.10785
1.12227
1.05691
1.09176
1.24028
1.12872
1.13206
1.07417
1.07553
1.10147
1.06133
1.16338
1.15235
1.18951
1.20188
0.999065
1.07826
1.12001
1.11632
1.17726
1.1585
1.11915
1.21851
1.12281
1.11871
1.09366
1.16544
1.14495
1.18911
1.17835
1.2274
1.01325
1.0865
1.16104
1.13295
1.14288
1.12144
1.17429
1.09878
1.09274
1.19445
