0.867803
0.896091
0.904489
0.988415
1.01909
1.00679
1.0683
0.974679
0.825573
0.813679
0.985018
1.03137
1.02736
1.1253
1.06698
1.04894
0.863994
0.848959
0.872259
0.904539
0.865775
1.05246
1.09878
1.07766
1.0034
0.9584
1.01337
1.01551
1.07324
1.01623
1.22208
1.16701
0.999911
1.00243
0.966046
1.01646
1.0334
1.04541
1.13062
1.05427
0.800293
0.815378
1.09704
1.02643
1.05975
1.06952
1.0401
1.13937
0.93472
1.14301
1.00235
1.09094
1.13912
1.14835
1.1306
1.21126
1.14569
1.21119
1.25808
1.14198
1.18216
1.1383
1.19595
1.16049
1.13654
1.14657
1.13367
1.14018
1.20546
1.1481
1.21258
1.08377
1.14708
1.19416
1.18032
1.13771
1.15761
1.22929
1.14694
1.19794
1.21723
1.18409
1.27402
1.14045
1.21384
1.1758
1.15821
1.17012
1.22831
1.16697
1.16163
1.16644
1.07496
1.11879
1.21205
1.19211
1.17557
1.24628
1.15597
1.14581
0.843306
1.11382
1.09344
1.20764
1.18464
1.16308
1.23307
1.13589
1.06885
1.0959
1.121
1.14074
1.14548
1.20197
1.20305
1.22439
1.0907
1.12665
1.13466
1.13533
1.14312
1.18008
1.19514
1.20327
1.09791
1.08209
1.15271
1.13615
1.07705
