0.865562
0.970636
0.976952
1.029809
1.097774
1.103880
1.104658
1.110375
1.122851
1.126642
1.126677
1.171339
1.171769
1.175812
1.177289
1.181098
1.190027
1.190747
1.194449
1.199279
1.206610
1.211165
1.223408
1.226565
1.232145
1.234832
1.237218
1.242207
1.244557
1.254450
1.256764
1.259463
1.260029
1.261849
1.266271
1.271694
1.274911
1.276201
1.281997
1.285214
1.285600
1.292565
1.295457
1.315521
1.319449
1.327933
1.342369
1.367422
1.15443
1.15929
1.19245
1.23931
1.21589
1.20683
1.25346
1.20749
1.23213
1.21621
1.24588
1.25336
1.26374
1.20555
1.29091
1.27518
1.28335
1.2397
1.26882
1.24328
1.22757
1.23917
1.25409
1.28293
1.28166
1.26995
1.27993
1.29684
1.21511
1.29919
1.30499
1.23155
1.20521
1.23977
1.30226
1.29522
1.25468
1.25379
1.26937
1.16973
1.29013
1.30258
1.18191
1.22011
1.17408
1.23657
1.2645
1.20102
1.35688
1.2048
1.30987
1.17728
1.25688
1.28157
1.26773
1.30763
1.30672
1.33629
1.34179
1.31269
1.23153
1.22974
1.22257
1.18165
1.31513
1.33103
1.3217
1.31565
1.29722
1.38742
1.21777
1.233
1.24827
1.24866
1.27014
1.26688
1.31729
1.27088
1.16363
0.872985
0.741197
