1.116792
1.230144
1.173246
1.233868
1.379351
1.310990
1.224770
1.240423
1.159005
1.078732
1.173610
1.208020
1.155792
1.154920
1.210370
1.252269
1.192928
1.015096
1.040352
1.061024
1.230446
1.214407
1.223987
1.464619
1.331403
1.148743
1.261126
1.201139
1.271670
1.211647
1.334500
1.222625
0.979829
1.248702
1.201635
1.208430
1.320763
1.305664
1.264524
1.24674
1.37315
1.39816
1.3957
1.5304
1.23186
1.21934
1.24877
1.22285
1.50848
1.24441
1.26954
1.40148
1.19854
1.2717
1.20228
1.29745
1.22268
1.30298
1.20324
1.2546
1.16057
1.23056
1.16935
1.28617
1.40384
1.30425
1.23428
1.2364
1.12869
1.21768
1.25884
1.29661
1.31964
1.33382
1.35753
1.14179
1.18115
1.22728
1.23451
1.31213
1.33308
1.36025
1.38259
1.12312
1.18666
1.27856
1.23637
1.22464
1.34481
1.11063
1.17028
1.23413
1.30789
1.42756
1.24039
1.17522
1.23359
1.3291
1.34171
1.45935
1.25555
1.34546
1.28548
1.2565
1.43536
1.34325
1.27539
1.35052
1.25553
1.27801
1.25675
1.29896
1.20437
1.28818
1.19235
1.20571
1.44198
1.33446
1.34273
1.34757
1.29299
1.1534
1.15967
1.26355
1.18605
1.33336
1.33566
1.34917
1.1747
