0.99772
1.01935
1.00712
1.01935
1.0076
1.00365
1.04638
1.00047
0.915635
1.00117
1.00827
0.904335
0.991274
0.947967
1.08658
1.02014
1.07641
1.00841
1.02783
1.00668
1.06007
1.05457
1.00187
1.03219
1.05245
0.928668
0.846232
0.972808
0.924827
1.05704
0.936934
1.05588
1.05318
0.948567
1.01896
1.01212
1.04188
0.998436
0.976901
0.812314
1.0618
1.0793
1.05473
0.910986
1.09844
1.04
1.0414
1.04364
1.02012
0.959359
0.997438
1.03279
0.970142
1.0108
1.03809
0.755421
1.03527
1.04282
0.953185
1.02818
1.03
1.05406
1.07211
1.07607
0.930418
0.964326
1.01729
1.03995
0.96773
1.03706
1.04723
1.0565
0.945684
1.04922
1.01315
1.04321
1.01003
1.05907
1.00835
1.03489
1.03547
0.855934
0.894365
0.908949
0.939006
0.946913
0.933599
1.02491
0.788352
0.784039
0.845352
0.880793
0.931722
1.01136
1.07001
1.01281
0.901097
1.01107
1.07903
1.00331
1.05447
1.07559
0.996896
1.13818
1.02604
1.0576
1.01887
1.05919
1.02338
1.06356
1.0848
1.02592
0.838876
1.07912
0.993646
1.04445
1.06807
1.02849
0.99943
1.03846
1.09043
0.858511
1.00361
1.01098
0.952094
1.02815
1.05107
1.11219
0.976316
