0.983823
1.13088
1.17345
0.938365
1.14208
0.870055
0.742054
0.728554
1.0338
0.845932
1.15775
1.20114
1.05726
1.04324
1.11495
0.862234
0.858419
0.743208
0.877225
1.10286
0.726909
1.07448
0.969925
1.06865
1.05632
1.03922
1.15276
1.0564
1.17958
1.01246
1.15357
1.00484
1.19861
1.18918
0.738522
1.07707
1.13083
0.778742
1.0567
1.18837
1.08383
1.05638
1.09937
1.123
1.19686
1.09283
1.03112
0.605736
0.782544
0.701184
1.21939
1.0979
1.11609
0.783415
1.08073
1.20192
1.18655
1.11288
1.05922
1.22922
1.08522
1.10689
1.04533
1.05849
0.701675
0.812575
0.825258
1.19617
1.10526
0.938741
1.18546
1.08807
1.19368
1.07883
1.20702
1.15801
0.895066
1.12384
1.15199
1.1071
1.05676
1.13388
1.16518
1.05873
1.15751
1.05857
0.8359
0.912248
1.05916
1.10366
1.13734
1.10074
1.1582
1.10653
1.15847
0.998176
1.08908
1.07114
1.00092
1.13253
1.15333
0.920648
0.982195
0.90972
1.02622
1.06367
1.08308
1.03249
1.20676
0.972664
1.02311
1.09221
1.03184
1.01998
1.16942
1.06745
1.07029
1.0805
0.996144
0.945461
0.943764
1.06737
1.03952
1.11568
1.16875
1.01627
0.956497
1.12287
1.1603
