0.993217
1.0004
1.00318
1.00903
1.01452
1.02587
0.977618
1.01944
1.01397
1.02746
0.970199
0.98313
0.997497
0.978943
1.01261
0.987561
0.962083
0.978449
1.0056
1.00886
1.00904
1.01932
1.01998
0.995966
0.987409
0.9979
1.01602
1.01724
1.00595
0.998552
1.00744
0.877264
0.965352
0.983431
1.0153
1.01534
1.02468
1.00495
0.769785
0.926732
0.986062
1.04542
1.00748
0.961212
0.995548
1.02193
0.976676
0.99043
0.975522
0.983973
1.00414
0.941764
1.00382
0.880066
0.939046
0.908713
1.02969
1.03065
1.02657
1.04374
1.04768
1.04938
1.05177
0.85399
0.94341
0.980814
0.984389
0.995969
1.00744
1.02154
1.01823
0.968311
0.980036
0.991671
0.998119
1.03872
1.0523
0.939177
0.986525
0.864113
0.933019
0.972063
1.00037
1.00431
1.01509
1.01832
1.02724
0.758007
0.916298
0.956603
0.927724
0.976839
1.0178
0.997106
1.02591
0.947332
0.983774
0.983344
0.956744
0.990867
0.969577
0.99378
1.00802
0.838763
0.860679
0.880482
0.893919
0.927192
0.99515
0.992084
1.04861
1.00989
0.858256
0.973058
0.975179
0.988892
1.00618
1.01516
1.04358
0.680787
0.956223
0.983251
1.02753
0.980975
0.977772
1.0252
1.03711
0.882982
