0.914704
0.973947
1.0281
1.0327
1.03733
1.03881
1.04232
1.06079
0.977262
0.988653
1.00938
1.01528
1.02264
1.05623
1.07792
1.02263
0.958494
0.979871
0.980383
0.981167
0.988937
1.02053
1.03141
1.11348
0.908999
0.969394
1.01133
0.964878
1.04451
0.953868
0.956979
0.83707
0.826998
0.997886
1.0077
1.01445
1.01516
1.05457
1.09857
0.776194
0.950239
0.962376
0.968524
0.975954
1.00237
1.00452
1.02912
1.04187
0.855105
0.888159
0.916587
0.922481
0.980162
1.00157
1.0429
1.05257
0.939635
0.984279
1.01758
1.03421
1.03752
1.06231
1.06978
0.958989
0.895595
0.919919
0.952424
0.999197
1.01059
1.02611
1.02697
1.06931
1.02338
1.0364
0.959604
1.09266
0.945737
0.995544
1.01356
0.670791
0.921699
0.942041
0.947572
0.962711
1.00018
1.03839
1.04988
1.05399
0.944973
0.951279
0.957209
0.971642
0.993645
0.995517
1.0817
1.09327
0.871625
0.919247
0.951548
0.964079
0.982901
0.99767
1.00183
1.01807
0.859664
0.891682
0.89326
0.895646
0.918171
0.961623
1.04282
0.805227
0.836066
0.947885
0.941335
0.947446
0.967044
0.990043
1.0263
1.09611
0.685157
0.839515
0.784587
0.804679
0.958913
0.944379
0.952762
0.969726
0.919948
0.920249
0.844249
0.739342
0.776121
0.921743
