1.06887
1.07543
1.05159
1.12355
0.991751
1.08038
1.12444
1.07616
0.923541
0.865082
0.906268
1.00217
1.00796
0.847284
0.937256
1.06084
1.03715
0.997237
1.27094
1.0405
1.08998
1.16174
1.05171
1.03973
1.13861
1.01966
1.30933
1.04486
1.09346
1.11437
1.06249
0.953604
1.17284
1.08784
0.86129
0.992121
1.03926
0.877168
0.912767
1.08792
1.08494
1.02485
1.24677
1.03728
0.899893
0.942326
0.966609
1.16013
1.14245
1.13326
1.39557
1.0973
1.1565
1.20836
1.09261
1.03796
0.948786
0.954949
0.9672
1.08166
1.11678
0.935876
1.28402
0.984823
1.00341
1.01927
0.918556
1.05836
1.10629
0.959182
1.25152
0.982015
1.00044
1.05123
0.974752
1.07816
1.0599
0.803921
1.20126
0.918517
0.925182
1.05393
0.806819
1.05193
1.04029
0.99018
1.02353
0.975738
1.01599
0.991626
1.05112
0.968774
0.999912
0.944435
1.13111
0.89579
0.986373
1.07915
0.87538
1.06342
1.11378
1.02345
1.29003
0.82006
1.09506
1.13415
0.947267
1.07994
1.15274
0.872765
1.28733
0.991373
1.10238
1.09739
1.04401
1.00761
1.09581
1.01463
1.31204
0.974486
1.06594
1.15721
1.1087
1.019
1.26705
0.914449
1.08304
1.15891
0.991388
