0.9707
1.04886
1.14745
1.19805
1.10971
1.23802
0.750655
0.796318
0.834311
0.895083
1.00336
1.00934
1.01328
1.01664
1.1267
0.917845
0.844138
0.880941
0.934501
0.967634
1.12264
1.13422
1.20032
0.839272
1.03418
1.04747
1.13904
1.14253
1.15577
1.1818
1.1192
1.26531
1.03605
1.05951
1.09726
1.0987
1.10677
1.15128
1.19384
1.23391
1.00371
1.08496
1.08949
1.09157
1.11013
1.1142
1.15035
1.25351
1.09191
0.951048
1.02491
1.0421
1.05094
1.09502
1.14905
1.09972
0.983819
1.00967
1.05293
1.09735
1.12765
1.15371
1.15483
1.25625
1.02487
1.05986
1.06291
1.12261
1.15269
1.1539
1.22811
1.3082
1.11503
1.05847
1.22851
1.03745
1.17443
1.04408
1.08773
1.14124
1.01433
1.04035
1.07303
1.07508
1.09354
1.22052
1.28955
1.10231
1.07064
1.18516
1.02541
1.32128
1.14728
1.07011
1.09658
1.13868
1.1423
1.29768
1.11249
1.07616
1.04009
1.15301
1.20796
1.16072
0.958625
1.10973
1.11548
1.29922
1.10098
1.08802
1.06028
1.14966
1.20527
1.09109
1.01105
1.10198
1.20784
1.12075
1.05433
0.890725
1.23045
1.13819
1.04012
1.09996
1.18304
1.16293
1.0573
1.1566
1.17839
