1.03373
0.978898
0.985078
1.02501
0.995254
0.994279
1.05581
0.984299
0.984299
1.00674
1.01736
0.893256
0.982023
0.982178
1.0628
1.00365
1.06637
1.01751
1.00664
1.01227
1.03687
1.03752
1.03803
1.01954
1.09043
0.920001
0.827712
0.978216
0.909875
1.03525
0.945381
1.04295
1.03013
0.957119
1.00648
1.01775
1.02504
0.989118
1.01216
0.795572
1.03992
1.06185
1.0606
0.943862
1.08819
1.04938
1.0186
1.03085
1.00762
0.993981
0.981313
1.01019
0.978888
1.00137
1.04386
0.739852
1.01854
1.05222
0.987585
1.01858
1.01738
1.03233
1.07807
1.05252
0.919019
0.955326
0.99632
1.02314
0.976454
1.01437
1.05305
1.09462
0.950941
1.03226
1.00074
1.03347
1.01914
1.03589
1.04474
1.01356
1.07284
0.847946
0.899337
0.897813
0.919653
0.92619
0.942015
1.00835
0.771098
0.791108
0.837463
0.86264
0.920306
1.01698
1.05271
1.04936
0.906106
0.990235
1.06159
1.01236
1.04155
1.05205
1.03287
1.12756
1.0049
1.0405
1.00638
1.03601
1.03261
1.06947
1.07467
1.06295
0.86915
1.06168
0.99917
1.02292
1.05081
1.00598
1.00844
1.02573
1.08025
0.863284
0.981644
0.998597
0.986454
1.01855
1.06054
1.08926
0.964354
